PROCDATE  JOB       FILTER  OBSID   SCANUM  FIELD     MJD      
20250927  jid14608  H158    26041   8        5333116  62336.204
20250927  jid14613  H158    26043   18       5321341  62336.212
20250927  jid14828  H158    26421   7        5333116  62341.178
20250927  jid14831  H158    26422   16       5333116  62341.182
20250927  jid15038  H158    26812   8        5321341  62346.208
20250927  jid15039  H158    26812   18       5333116  62346.208
20250927  jid15043  H158    26813   12       5297558  62346.212
20250927  jid15048  H158    26816   14       5364186  62346.230
20250927  jid15236  H158    27198   11       5297558  62351.212
20250927  jid15266  H158    27213   18       5325283  62351.290
20250927  jid15428  H158    27581   13       5364186  62356.204
20250927  jid15429  H158    27582   17       5333116  62356.208
20250927  jid15454  H158    27588   15       5297558  62356.238
20250927  jid15610  H158    27963   7        5297558  62361.187
20250927  jid15641  H158    27968   1        5297558  62361.212
20250927  jid15840  H158    28341   4        5364186  62366.152
20250927  jid15844  H158    28342   4        5333116  62366.156
20250927  jid15860  H158    28346   10       5364186  62366.178
20250927  jid15883  H158    28352   6        5321341  62366.208
20250927  jid15885  H158    28352   16       5333116  62366.208
20250927  jid15888  H158    28353   4        5297558  62366.212
20250927  jid15907  H158    28357   9        5325283  62366.234
20250927  jid15909  H158    28357   12       5321341  62366.234
20250927  jid15911  H158    28358   10       5297558  62366.238
20250927  jid15926  H158    28362   2        5325283  62366.260
20250927  jid15930  H158    28363   17       5297558  62366.264
20250927  jid15937  H158    28367   14       5325283  62366.286
20250927  jid16063  H158    28721   9        5364186  62371.126
20250927  jid16085  H158    28726   2        5364186  62371.152
20250927  jid16090  H158    28727   5        5333116  62371.156
20250927  jid16106  H158    28731   13       5364186  62371.178
20250927  jid16109  H158    28732   10       5333116  62371.182
20250927  jid16128  H158    28737   6        5321341  62371.208
20250927  jid16129  H158    28737   16       5333116  62371.208
20250927  jid16148  H158    28742   9        5325283  62371.234
20250927  jid16149  H158    28742   11       5321341  62371.234
20250927  jid16150  H158    28743   1        5297558  62371.238
20250927  jid16166  H158    28747   1        5325283  62371.260
20250927  jid16168  H158    28747   17       5321341  62371.260
20250927  jid16363  H158    29111   11       5364186  62376.152
20250927  jid16364  H158    29112   3        5333116  62376.156
20250927  jid16399  H158    29123   9        5297558  62376.212
20250927  jid16412  H158    29127   9        5325283  62376.234
20250927  jid16413  H158    29127   11       5321341  62376.234
20250927  jid16414  H158    29128   4        5297558  62376.238
20250927  jid16620  H158    29507   3        5321341  62381.208
20250927  jid16631  H158    29512   9        5325283  62381.234
20250927  jid16810  H158    29877   8        5364186  62386.131
20250927  jid16864  H158    29887   14       5333116  62386.182
20250927  jid16910  H158    29897   1        5321341  62386.234
20250927  jid16923  H158    29898   9        5297558  62386.238
20250927  jid16946  H158    29902   7        5325283  62386.260
20250927  jid17272  H158    30262   2        5364186  62391.131
20250927  jid17300  H158    30282   1        5321341  62391.234
20250927  jid17318  H158    30286   13       5325283  62391.255
20250927  jid17475  H158    30647   11       5364186  62396.131
20250927  jid17499  H158    30658   9        5333116  62396.187
20250927  jid17509  H158    30662   12       5321341  62396.208
20250927  jid17518  H158    30666   14       5325283  62396.230
20250927  jid17687  H158    31042   16       5333116  62401.182
20250927  jid17710  H158    31051   10       5325283  62401.230
20250927  jid17905  H158    31432   15       5321341  62406.208
20250927  jid17910  H158    31436   1        5325283  62406.230
20250927  jid17912  H158    31437   5        5321341  62406.234
20250927  jid17922  H158    31442   11       5297558  62406.260
20250927  jid18088  H158    31803   15       5364186  62411.135
20250927  jid18119  H158    31817   15       5321341  62411.208
20250927  jid18120  H158    31818   3        5333116  62411.212
20250927  jid18132  H158    31822   6        5321341  62411.234
20250927  jid18146  H158    31832   9        5297558  62411.286
20250927  jid18320  H158    32188   17       5364186  62416.135
20250927  jid18346  H158    32203   12       5333116  62416.212
20250927  jid18363  H158    32212   12       5297558  62416.260
20250927  jid18531  H158    32578   10       5364186  62421.161
20250927  jid18744  H158    32971   6        5325283  62426.204
20250927  jid18748  H158    32973   17       5333116  62426.212
20250927  jid18967  H158    33366   6        5297558  62431.255
20250927  jid19136  H158    33736   6        5325283  62436.178
20250927  jid19152  H158    33742   7        5333116  62436.208
20250927  jid19155  H158    33743   6        5364186  62436.212
20250927  jid19165  H158    33747   9        5333116  62436.234
20250927  jid19168  H158    33748   17       5333116  62436.238
20250927  jid19341  H158    34127   7        5333116  62441.208
20250927  jid19350  H158    34131   11       5297558  62441.230
20250927  jid19543  H158    34511   1        5297558  62446.204
20250927  jid19549  H158    34513   5        5364186  62446.212
20250927  jid19577  H158    34517   6        5333116  62446.234
20250927  jid19735  H158    34891   4        5297558  62451.178
20250927  jid19754  H158    34897   8        5333116  62451.208
20250927  jid19963  H158    35277   16       5325283  62456.182
20250927  jid19975  H158    35282   9        5333116  62456.208
20250927  jid20001  H158    35287   2        5333116  62456.234
20250927  jid20004  H158    35288   2        5364186  62456.238
20250927  jid20026  H158    35293   14       5364186  62456.264
20250927  jid20199  H158    35652   5        5325283  62461.131
20250927  jid20211  H158    35657   10       5325283  62461.156
20250927  jid20242  H158    35667   9        5333116  62461.208
20250927  jid20258  H158    35672   2        5333116  62461.234
20250927  jid20263  H158    35673   5        5364186  62461.238
20250927  jid20282  H158    35678   10       5364186  62461.264
20250927  jid20298  H158    35683   16       5364186  62461.290
20250927  jid20438  H158    36037   3        5325283  62466.131
20250927  jid20451  H158    36041   3        5297558  62466.152
20250927  jid20477  H158    36047   1        5321341  62466.182
20250927  jid20493  H158    36051   16       5297558  62466.204
20250927  jid20522  H158    36063   1        5364186  62466.264
20250927  jid20714  H158    36443   9        5364186  62471.238
20250927  jid20721  H158    36448   4        5364186  62471.264
20250927  jid20886  H158    36808   9        5325283  62476.135
20250927  jid20904  H158    36813   7        5325283  62476.161
20250927  jid20915  H158    36816   16       5297558  62476.178
20250927  jid20964  H158    36833   8        5364186  62476.264
20250927  jid20978  H158    36837   17       5364186  62476.286
20250927  jid21118  H158    37198   5        5325283  62481.161
20250927  jid21181  H158    37222   13       5364186  62481.286
20250927  jid21352  H158    37596   16       5333116  62486.230
20250927  jid21362  H158    37602   15       5364186  62486.260
20250927  jid21518  H158    37962   15       5297558  62491.131
20250927  jid21528  H158    37967   1        5297558  62491.156
20250927  jid21532  H158    37968   15       5325283  62491.161
20250927  jid21759  H158    38361   16       5333116  62496.204
20250927  jid21939  H158    38732   16       5297558  62501.131
20250927  jid22172  H158    39128   16       5325283  62506.187
20250927  jid22187  H158    39138   8        5325283  62506.238
20250927  jid22201  H158    39146   7        5364186  62506.281
20250927  jid22392  H158    39523   5        5325283  62511.238
20250927  jid22397  H158    39526   1        5364186  62511.255
20250927  jid22409  H158    39531   9        5364186  62511.281
20250927  jid22578  H158    39898   12       5297558  62516.187
20250927  jid22609  H158    39911   2        5364186  62516.255
20250927  jid22805  H158    40283   11       5297558  62521.187
20250927  jid22820  H158    40291   10       5364186  62521.230
20250927  jid22830  H158    40293   10       5325283  62521.238
20250927  jid22843  H158    40298   3        5325283  62521.264
20250927  jid23032  H158    40667   16       5333116  62526.182
20250927  jid23037  H158    40668   10       5297558  62526.187
20250927  jid23047  H158    40672   18       5333116  62526.208
20250927  jid23242  H158    41051   9        5333116  62531.178
20250927  jid23260  H158    41057   18       5333116  62531.208
20250927  jid23268  H158    41061   14       5364186  62531.230
20250927  jid23284  H158    41068   13       5325283  62531.264
20250927  jid23461  H158    41442   17       5333116  62536.208
20250927  jid23474  H158    41446   18       5364186  62536.230
20250927  jid23662  H158    41826   13       5364186  62541.204
20250927  jid23667  H158    41827   17       5333116  62541.208
20250927  jid23669  H158    41828   1        5297558  62541.212
20250927  jid23883  H158    42212   6        5321341  62546.208
20250927  jid23907  H158    42217   9        5325283  62546.234
20250927  jid24148  H158    42592   10       5333116  62551.182
20250927  jid24170  H158    42597   6        5321341  62551.208
20250927  jid24173  H158    42597   16       5333116  62551.208
20250927  jid24198  H158    42602   9        5325283  62551.234
20250927  jid24221  H158    42607   18       5321341  62551.260
20250927  jid24454  H158    42966   6        5364186  62556.126
20250927  jid24504  H158    42977   10       5333116  62556.182
20250927  jid24530  H158    42982   16       5333116  62556.208
20250927  jid24532  H158    42983   9        5297558  62556.212
20250927  jid24551  H158    42987   9        5325283  62556.234
20250927  jid24552  H158    42987   11       5321341  62556.234
20250927  jid24553  H158    42988   1        5297558  62556.238
20250927  jid24738  H158    43356   14       5364186  62561.152
20250927  jid24739  H158    43357   3        5333116  62561.156
20250927  jid24755  H158    43361   16       5364186  62561.178
20250927  jid24785  H158    43372   9        5325283  62561.234
20250927  jid24961  H158    43741   17       5364186  62566.152
20250927  jid25005  H158    43757   9        5325283  62566.234
20250927  jid25181  H158    44122   5        5364186  62571.131
20250927  jid25238  H158    44142   1        5321341  62571.234
20250927  jid25253  H158    44147   17       5297558  62571.260
20250927  jid300    H158    1772    8        5364186  62021.130
20250927  jid4085   H158    16402   2        5364186  62211.131
20250927  jid4307   H158    16797   16       5333116  62216.182
20250927  jid4310   H158    16798   6        5333116  62216.187
20250927  jid4322   H158    16802   12       5321341  62216.208
20250927  jid433    H158    1781    14       5356473  62021.178
20250927  jid448    H158    1782    14       5333116  62021.182
20250927  jid4537   H158    17186   18       5325283  62221.204
20250927  jid4543   H158    17188   9        5333116  62221.212
20250927  jid4549   H158    17192   5        5321341  62221.234
20250927  jid46098  H158    2157    2        5364186  62026.130
20250927  jid46251  H158    2166    3        5356479  62026.178
20250927  jid46264  H158    2166    13       5356473  62026.178
20250927  jid46433  H158    2176    18       5325281  62026.230
20250927  jid46449  H158    2177    1        5321341  62026.234
20250927  jid46462  H158    2177    9        5325281  62026.234
20250927  jid46519  H158    2181    13       5325283  62026.255
20250927  jid46584  H158    2184    10       5261331  62026.268
20250927  jid4735   H158    17563   6        5364186  62226.161
20250927  jid4750   H158    17572   15       5321341  62226.208
20250927  jid4752   H158    17573   6        5333116  62226.212
20250927  jid4756   H158    17576   4        5325283  62226.230
20250927  jid4765   H158    17582   11       5297558  62226.260
20250927  jid4924   H158    17943   18       5364186  62231.135
20250927  jid4950   H158    17957   15       5321341  62231.208
20250927  jid4952   H158    17958   3        5333116  62231.212
20250927  jid4959   H158    17962   6        5321341  62231.234
20250927  jid4972   H158    17967   12       5297558  62231.260
20250927  jid503    H158    1786    10       5352605  62021.204
20250927  jid5560   H158    19106   1        5325283  62246.178
20250927  jid5573   H158    19111   7        5321341  62246.204
20250927  jid5588   H158    19118   15       5333116  62246.238
20250927  jid55943  H158    2542    11       5364186  62031.130
20250927  jid56148  H158    2553    9        5333116  62031.187
20250927  jid56207  H158    2557    12       5321341  62031.208
20250927  jid56291  H158    2561    14       5325283  62031.230
20250927  jid56406  H158    2568    4        5297552  62031.264
20250927  jid5773   H158    19498   6        5364186  62251.212
20250927  jid5776   H158    19501   1        5297558  62251.230
20250927  jid5932   H158    19871   4        5325283  62256.152
20250927  jid5961   H158    19882   7        5333116  62256.208
20250927  jid5969   H158    19886   2        5297558  62256.230
20250927  jid5975   H158    19888   16       5333116  62256.238
20250927  jid605    H158    1792    1        5321341  62021.234
20250927  jid6166   H158    20263   7        5364186  62261.187
20250927  jid6179   H158    20268   5        5364186  62261.212
20250927  jid625    H158    1793    9        5297558  62021.238
20250927  jid62966  H158    2932    3        5356473  62036.156
20250927  jid63029  H158    2936    1        5356479  62036.178
20250927  jid63045  H158    2937    16       5333116  62036.182
20250927  jid63055  H158    2937    8        5356473  62036.182
20250927  jid63214  H158    2946    10       5325283  62036.230
20250927  jid63339  H158    2953    5        5297552  62036.264
20250927  jid6396   H158    20656   15       5297558  62266.230
20250927  jid6398   H158    20657   6        5333116  62266.234
20250927  jid6564   H158    21032   16       5325283  62271.182
20250927  jid6582   H158    21038   8        5364186  62271.212
20250927  jid6598   H158    21041   18       5297558  62271.230
20250927  jid6604   H158    21043   2        5364186  62271.238
20250927  jid6632   H158    21048   15       5364186  62271.264
20250927  jid666    H158    1797    7        5325283  62021.260
20250927  jid6788   H158    21407   4        5325283  62276.131
20250927  jid6801   H158    21412   7        5321341  62276.156
20250927  jid6802   H158    21412   10       5325283  62276.156
20250927  jid6816   H158    21417   16       5325283  62276.182
20250927  jid6831   H158    21422   9        5333116  62276.208
20250927  jid6848   H158    21427   2        5333116  62276.234
20250927  jid6871   H158    21432   14       5333116  62276.260
20250927  jid7038   H158    21796   6        5297558  62281.152
20250927  jid7042   H158    21797   8        5321341  62281.156
20250927  jid7057   H158    21801   11       5297558  62281.178
20250927  jid7070   H158    21807   9        5333116  62281.208
20250927  jid7088   H158    21813   5        5364186  62281.238
20250927  jid7270   H158    22182   6        5321341  62286.156
20250927  jid7285   H158    22186   14       5297558  62286.178
20250927  jid7286   H158    22187   1        5321341  62286.182
20250927  jid7323   H158    22198   9        5364186  62286.238
20250927  jid7481   H158    22566   15       5297558  62291.152
20250927  jid7670   H158    22951   18       5297558  62296.152
20250927  jid79163  H158    4118    18       5261333  62051.316
20250927  jid79167  H158    3727    7        5297554  62046.286
20250927  jid79317  H158    3733    13       5261331  62046.316
20250927  jid79318  H158    4118    17       5261331  62051.316
20250927  jid79319  H158    4892    10       5261331  62061.337
20250927  jid79320  H158    6046    14       5261331  62076.333
20250927  jid79321  H158    7945    8        5261331  62101.199
20250927  jid79322  H158    8325    9        5261331  62106.174
20250927  jid79323  H158    8710    4        5261331  62111.174
20250927  jid79324  H158    9090    2        5261331  62116.148
20250927  jid79325  H158    9850    18       5261331  62126.096
20250927  jid79326  H158    11387   15       5261331  62146.079
20250927  jid79327  H158    12157   4        5261331  62156.079
20250927  jid79328  H158    12543   13       5261331  62161.083
20250927  jid79329  H158    12548   15       5261331  62161.109
20250927  jid79330  H158    13318   6        5261331  62171.109
20250927  jid79331  H158    14089   7        5261331  62181.113
20250927  jid79332  H158    14094   1        5261331  62181.139
20250927  jid79333  H158    14879   17       5261331  62191.217
20250927  jid79334  H158    20291   17       5261331  62261.333
20250927  jid79335  H158    16039   15       5261331  62206.243
20250927  jid79336  H158    21430   1        5261331  62276.251
20250927  jid79337  H158    21435   13       5261331  62276.277
20250927  jid79338  H158    22950   6        5261331  62296.148
20250927  jid79339  H158    24481   3        5261331  62316.100
20250927  jid79340  H158    26017   1        5261331  62336.079
20250927  jid79341  H158    27569   16       5261331  62356.139
20250927  jid79342  H158    27959   17       5261331  62361.165
20250927  jid79343  H158    28339   5        5261331  62366.139
20250927  jid79344  H158    28344   11       5261331  62366.165
20250927  jid79345  H158    28349   17       5261331  62366.191
20250927  jid79346  H158    28729   3        5261331  62371.165
20250927  jid79347  H158    28734   14       5261331  62371.191
20250927  jid79348  H158    29119   12       5261331  62376.191
20250927  jid79349  H158    29509   15       5261331  62381.217
20250927  jid79350  H158    29899   14       5261331  62386.243
20250927  jid79351  H158    30289   10       5261331  62391.268
20250927  jid79457  H158    4892    11       5261333  62061.337
20250927  jid79458  H158    5277    18       5261333  62066.337
20250927  jid79459  H158    5661    3        5261333  62071.333
20250927  jid79460  H158    7945    4        5261333  62101.199
20250927  jid79461  H158    9470    14       5261333  62121.122
20250927  jid79462  H158    8325    5        5261333  62106.174
20250927  jid79463  H158    9850    17       5261333  62126.096
20250927  jid79464  H158    11387   14       5261333  62146.079
20250927  jid79465  H158    12548   11       5261333  62161.109
20250927  jid79466  H158    12157   7        5261333  62156.079
20250927  jid79467  H158    13318   9        5261333  62171.109
20250927  jid79468  H158    13324   16       5261333  62171.139
20250927  jid79469  H158    14094   4        5261333  62181.139
20250927  jid79470  H158    14099   10       5261333  62181.165
20250927  jid79471  H158    14104   17       5261333  62181.191
20250927  jid79472  H158    16044   10       5261333  62206.268
20250927  jid79473  H158    20665   6        5261333  62266.277
20250927  jid79474  H158    21425   4        5261333  62276.225
20250927  jid79475  H158    21430   10       5261333  62276.251
20250927  jid79476  H158    21435   16       5261333  62276.277
20250927  jid79477  H158    22950   2        5261333  62296.148
20250927  jid79478  H158    23715   13       5261333  62306.122
20250927  jid79479  H158    25247   15       5261333  62326.079
20250927  jid79480  H158    25632   10       5261333  62331.079
20250927  jid79481  H158    25637   6        5261333  62331.105
20250927  jid79482  H158    26022   9        5261333  62336.105
20250927  jid79483  H158    26793   2        5261333  62346.109
20250927  jid79484  H158    28344   2        5261333  62366.165
20250927  jid79485  H158    28339   8        5261333  62366.139
20250927  jid79486  H158    28729   6        5261333  62371.165
20250927  jid79487  H158    28734   11       5261333  62371.191
20250927  jid79488  H158    28739   17       5261333  62371.217
20250927  jid79489  H158    29129   16       5261333  62376.243
20250927  jid79490  H158    29509   12       5261333  62381.217
20250927  jid7951   H158    23357   15       5364186  62301.260
20250927  jid79827  H158    4492    10       5297552  62056.260
20250927  jid79828  H158    4882    3        5297552  62061.286
20250927  jid79829  H158    5647    16       5297552  62071.260
20250927  jid79830  H158    6031    6        5297552  62076.255
20250927  jid79831  H158    8331    10       5297552  62106.204
20250927  jid79832  H158    9096    10       5297552  62116.178
20250927  jid79833  H158    10632   3        5297552  62136.156
20250927  jid79834  H158    12557   8        5297552  62161.156
20250927  jid79835  H158    13723   18       5297552  62176.212
20250927  jid79836  H158    13718   10       5297552  62176.187
20250927  jid79837  H158    14878   10       5297552  62191.212
20250927  jid79838  H158    16038   1        5297552  62206.238
20250927  jid79839  H158    16423   2        5297552  62211.238
20250927  jid79840  H158    17972   7        5297552  62231.286
20250927  jid79841  H158    18737   10       5297552  62241.260
20250927  jid79842  H158    18742   6        5297552  62241.286
20250927  jid79843  H158    19122   13       5297552  62246.260
20250927  jid79844  H158    21041   2        5297552  62271.230
20250927  jid79845  H158    19886   7        5297552  62256.230
20250927  jid79846  H158    20661   12       5297552  62266.255
20250927  jid79847  H158    21421   5        5297552  62276.204
20250927  jid79848  H158    19892   16       5297552  62256.260
20250927  jid79849  H158    21431   17       5297552  62276.255
20250927  jid79850  H158    21801   9        5297552  62281.178
20250927  jid79851  H158    22186   6        5297552  62286.178
20250927  jid79852  H158    21811   13       5297552  62281.230
20250927  jid79853  H158    22956   11       5297552  62296.178
20250927  jid79854  H158    23336   15       5297552  62301.152
20250927  jid79855  H158    23341   10       5297552  62301.178
20250927  jid79856  H158    24492   3        5297552  62316.156
20250927  jid79857  H158    24872   18       5297552  62321.131
20250927  jid79858  H158    25262   2        5297552  62326.156
20250927  jid79859  H158    26808   18       5297552  62346.187
20250927  jid79860  H158    26803   16       5297552  62346.161
20250927  jid79861  H158    27578   13       5297552  62356.187
20250927  jid79862  H158    27583   18       5297552  62356.212
20250927  jid79863  H158    28343   8        5297552  62366.161
20250927  jid79864  H158    28348   1        5297552  62366.187
20250927  jid79865  H158    28353   13       5297552  62366.212
20250927  jid79866  H158    28738   10       5297552  62371.212
20250927  jid79867  H158    28743   16       5297552  62371.238
20250927  jid79868  H158    29118   6        5297552  62376.187
20250927  jid79869  H158    29508   2        5297552  62381.212
20250927  jid79870  H158    30673   4        5297552  62396.264
20250927  jid79871  H158    29893   3        5297552  62386.212
20250927  jid80006  H158    4107    10       5297554  62051.260
20250927  jid80008  H158    4877    14       5297554  62061.260
20250927  jid80009  H158    5261    8        5297554  62066.255
20250927  jid80010  H158    6791    4        5297554  62086.204
20250927  jid80011  H158    7946    10       5297554  62101.204
20250927  jid80012  H158    9091    15       5297554  62116.152
20250927  jid80013  H158    9096    13       5297554  62116.178
20250927  jid80014  H158    9861    16       5297554  62126.152
20250927  jid80015  H158    9862    6        5297554  62126.156
20250927  jid80016  H158    10627   18       5297554  62136.131
20250927  jid80017  H158    10632   2        5297554  62136.156
20250927  jid80018  H158    11787   4        5297554  62151.156
20250927  jid80019  H158    13333   10       5297554  62171.187
20250927  jid80020  H158    12173   17       5297554  62156.161
20250927  jid80021  H158    13723   14       5297554  62176.212
20250927  jid80022  H158    15653   1        5297554  62201.238
20250927  jid80023  H158    17967   10       5297554  62231.260
20250927  jid80024  H158    17972   8        5297554  62231.286
20250927  jid80025  H158    18737   14       5297554  62241.260
20250927  jid80026  H158    19122   14       5297554  62246.260
20250927  jid80027  H158    19506   9        5297554  62251.255
20250927  jid80028  H158    19886   4        5297554  62256.230
20250927  jid80029  H158    19891   6        5297554  62256.255
20250927  jid80030  H158    20656   2        5297554  62266.230
20250927  jid80031  H158    21041   11       5297554  62271.230
20250927  jid80032  H158    21046   18       5297554  62271.255
20250927  jid80033  H158    21806   10       5297554  62281.204
20250927  jid80034  H158    22571   11       5297554  62291.178
20250927  jid80035  H158    24492   2        5297554  62316.156
20250927  jid80036  H158    24872   17       5297554  62321.131
20250927  jid80037  H158    25262   1        5297554  62326.156
20250927  jid80038  H158    28348   4        5297554  62366.187
20250927  jid80039  H158    27963   1        5297554  62361.187
20250927  jid80040  H158    26417   7        5297554  62341.156
20250927  jid80041  H158    26808   14       5297554  62346.187
20250927  jid80042  H158    28353   10       5297554  62366.212
20250927  jid80043  H158    28358   17       5297554  62366.238
20250927  jid80044  H158    28738   1        5297554  62371.212
20250927  jid80045  H158    28743   13       5297554  62371.238
20250927  jid80046  H158    29123   2        5297554  62376.212
20250927  jid80167  H158    3337    11       5297558  62041.260
20250927  jid80168  H158    3727    9        5297558  62046.286
20250927  jid80169  H158    4107    12       5297558  62051.260
20250927  jid80170  H158    5261    6        5297558  62066.255
20250927  jid80171  H158    6026    11       5297558  62076.230
20250927  jid80172  H158    6406    1        5297558  62081.204
20250927  jid80173  H158    7936    3        5297558  62101.152
20250927  jid80174  H158    6786    4        5297558  62086.178
20250927  jid80175  H158    7946    16       5297558  62101.204
20250927  jid80176  H158    8711    16       5297558  62111.178
20250927  jid80177  H158    9857    15       5297558  62126.131
20250927  jid80178  H158    9862    1        5297558  62126.156
20250927  jid80179  H158    10627   16       5297558  62136.131
20250927  jid80180  H158    12563   10       5297558  62161.187
20250927  jid80181  H158    12178   11       5297558  62156.187
20250927  jid80182  H158    11793   12       5297558  62151.187
20250927  jid80183  H158    13723   1        5297558  62176.212
20250927  jid80184  H158    14878   9        5297558  62191.212
20250927  jid80185  H158    14883   1        5297558  62191.238
20250927  jid80186  H158    16042   17       5297558  62206.260
20250927  jid80323  H158    3327    15       5321341  62041.208
20250927  jid80324  H158    3332    5        5321341  62041.234
20250927  jid80325  H158    3712    15       5321341  62046.208
20250927  jid80326  H158    3717    6        5321341  62046.234
20250927  jid80327  H158    7942    1        5321341  62101.182
20250927  jid80328  H158    14107   6        5321341  62181.208
20250927  jid80329  H158    14502   18       5321341  62186.260
20250927  jid80330  H158    14492   6        5321341  62186.208
20250927  jid80331  H158    14882   11       5321341  62191.234
20250927  jid80332  H158    16037   1        5321341  62206.234
20250927  jid80432  H158    5246    4        5325281  62066.178
20250927  jid80433  H158    6011    8        5325281  62076.152
20250927  jid80434  H158    6017    16       5325281  62076.182
20250927  jid80435  H158    7162    7        5325281  62091.130
20250927  jid80436  H158    7172    13       5325281  62091.182
20250927  jid80437  H158    7547    9        5325281  62096.130
20250927  jid80438  H158    7557    13       5325281  62096.182
20250927  jid80439  H158    7942    13       5325281  62101.182
20250927  jid80440  H158    9097    16       5325281  62116.182
20250927  jid80441  H158    9098    7        5325281  62116.187
20250927  jid80442  H158    9868    2        5325281  62126.187
20250927  jid80443  H158    11023   17       5325281  62141.187
20250927  jid80444  H158    11418   6        5325281  62146.238
20250927  jid80445  H158    11033   9        5325281  62141.238
20250927  jid80446  H158    12573   13       5325281  62161.238
20250927  jid80447  H158    12578   15       5325281  62161.264
20250927  jid80448  H158    12963   17       5325281  62166.264
20250927  jid80449  H158    13342   9        5325281  62171.234
20250927  jid80450  H158    13732   3        5325281  62176.260
20250927  jid80451  H158    14112   5        5325281  62181.234
20250927  jid80452  H158    14497   5        5325281  62186.234
20250927  jid80453  H158    14507   17       5325281  62186.286
20250927  jid80454  H158    14882   5        5325281  62191.234
20250927  jid80455  H158    15267   5        5325281  62196.234
20250927  jid80456  H158    16041   16       5325281  62206.255
20250927  jid80457  H158    16421   17       5325281  62211.230
20250927  jid80458  H158    16422   9        5325281  62211.234
20250927  jid80459  H158    16806   13       5325281  62216.230
20250927  jid80460  H158    17186   17       5325281  62221.204
20250927  jid80461  H158    17571   13       5325281  62226.204
20250927  jid80462  H158    19871   7        5325281  62256.152
20250927  jid80463  H158    20262   16       5325281  62261.182
20250927  jid80464  H158    21032   13       5325281  62271.182
20250927  jid80465  H158    21407   8        5325281  62276.131
20250927  jid80466  H158    21412   1        5325281  62276.156
20250927  jid80467  H158    21417   13       5325281  62276.182
20250927  jid80468  H158    21802   13       5325281  62281.182
20250927  jid80469  H158    22182   12       5325281  62286.156
20250927  jid80470  H158    22187   13       5325281  62286.182
20250927  jid80471  H158    23338   6        5325281  62301.161
20250927  jid80472  H158    23342   16       5325281  62301.182
20250927  jid80473  H158    23728   5        5325281  62306.187
20250927  jid80474  H158    24113   2        5325281  62311.187
20250927  jid80475  H158    24888   2        5325281  62321.212
20250927  jid80476  H158    24503   5        5325281  62316.212
20250927  jid80477  H158    26048   11       5325281  62336.238
20250927  jid80478  H158    27587   9        5325281  62356.234
20250927  jid80479  H158    28357   5        5325281  62366.234
20250927  jid80480  H158    28362   11       5325281  62366.260
20250927  jid80481  H158    28367   18       5325281  62366.286
20250927  jid80482  H158    28742   5        5325281  62371.234
20250927  jid80483  H158    28747   10       5325281  62371.260
20250927  jid80484  H158    29127   5        5325281  62376.234
20250927  jid80485  H158    30281   18       5325281  62391.230
20250927  jid80486  H158    30282   9        5325281  62391.234
20250927  jid80652  H158    3331    1        5325283  62041.230
20250927  jid80653  H158    4866    6        5325283  62061.204
20250927  jid80654  H158    5631    6        5325283  62071.178
20250927  jid80655  H158    7172    16       5325283  62091.182
20250927  jid80656  H158    7547    5        5325283  62096.130
20250927  jid80657  H158    7552    10       5325283  62096.156
20250927  jid80658  H158    7932    3        5325283  62101.131
20250927  jid80659  H158    8703    9        5325283  62111.135
20250927  jid80660  H158    8708    7        5325283  62111.161
20250927  jid80661  H158    9093    5        5325283  62116.161
20250927  jid80662  H158    9863    15       5325283  62126.161
20250927  jid80663  H158    11023   16       5325283  62141.187
20250927  jid80664  H158    11033   8        5325283  62141.238
20250927  jid80665  H158    11418   5        5325283  62146.238
20250927  jid80666  H158    12188   10       5325283  62156.238
20250927  jid80667  H158    12193   3        5325283  62156.264
20250927  jid80668  H158    12963   13       5325283  62166.264
20250927  jid80669  H158    14497   9        5325283  62186.234
20250927  jid80670  H158    14112   9        5325283  62181.234
20250927  jid80671  H158    14882   9        5325283  62191.234
20250927  jid80672  H158    15267   9        5325283  62196.234
20250927  jid80673  H158    15652   9        5325283  62201.234
20250927  jid80809  H158    3713    3        5333116  62046.212
20250927  jid80810  H158    4098    12       5333116  62051.212
20250927  jid80811  H158    4868    17       5333116  62061.212
20250927  jid80812  H158    5642    9        5333116  62071.234
20250927  jid80813  H158    5637    7        5333116  62071.208
20250927  jid80814  H158    5643    17       5333116  62071.238
20250927  jid80815  H158    6022    7        5333116  62076.208
20250927  jid80816  H158    6412    6        5333116  62081.234
20250927  jid80817  H158    6792    8        5333116  62086.208
20250927  jid80818  H158    7177    9        5333116  62091.208
20250927  jid80819  H158    7182    2        5333116  62091.234
20250927  jid80820  H158    7567    2        5333116  62096.234
20250927  jid80821  H158    7562    9        5333116  62096.208
20250927  jid80822  H158    9491    16       5333116  62121.230
20250927  jid80823  H158    10256   16       5333116  62131.204
20250927  jid80824  H158    12562   16       5333116  62161.182
20250927  jid80825  H158    12567   18       5333116  62161.208
20250927  jid80826  H158    12952   18       5333116  62166.208
20250927  jid80827  H158    12946   9        5333116  62166.178
20250927  jid80828  H158    13722   17       5333116  62176.208
20250927  jid80829  H158    13337   17       5333116  62171.208
20250927  jid80830  H158    14492   16       5333116  62186.208
20250927  jid80831  H158    14872   10       5333116  62191.182
20250927  jid80832  H158    14487   10       5333116  62186.182
20250927  jid80833  H158    14877   16       5333116  62191.208
20250927  jid80834  H158    15252   3        5333116  62196.156
20250927  jid8092   H158    23717   12       5297558  62306.131
20250927  jid80994  H158    3316    16       5352605  62041.152
20250927  jid80995  H158    4472    14       5352605  62056.156
20250927  jid80996  H158    4087    15       5352605  62051.156
20250927  jid80997  H158    6012    5        5352605  62076.156
20250927  jid80998  H158    6403    16       5352605  62081.187
20250927  jid80999  H158    7938    9        5352605  62101.161
20250927  jid81000  H158    8718    1        5352605  62111.212
20250927  jid81001  H158    9103    2        5352605  62116.212
20250927  jid81002  H158    9488    12       5352605  62121.212
20250927  jid81003  H158    9883    7        5352605  62126.264
20250927  jid81004  H158    9878    2        5352605  62126.238
20250927  jid81005  H158    10268   8        5352605  62131.264
20250927  jid81006  H158    10653   6        5352605  62136.264
20250927  jid81007  H158    12577   10       5352605  62161.260
20250927  jid81008  H158    12962   13       5352605  62166.260
20250927  jid81009  H158    15646   11       5352605  62201.204
20250927  jid81010  H158    16031   10       5352605  62206.204
20250927  jid81011  H158    17176   17       5352605  62221.152
20250927  jid81012  H158    19102   10       5352605  62246.156
20250927  jid81013  H158    19487   1        5352605  62251.156
20250927  jid81014  H158    19872   5        5352605  62256.156
20250927  jid81015  H158    21798   8        5352605  62281.161
20250927  jid81016  H158    24123   2        5352605  62311.238
20250927  jid81017  H158    24508   12       5352605  62316.238
20250927  jid81018  H158    26052   1        5352605  62336.260
20250927  jid81019  H158    27212   18       5352605  62351.286
20250927  jid81020  H158    26437   10       5352605  62341.260
20250927  jid81021  H158    27971   6        5352605  62361.230
20250927  jid81022  H158    28356   3        5352605  62366.230
20250927  jid81023  H158    28361   15       5352605  62366.255
20250927  jid81024  H158    28736   6        5352605  62371.204
20250927  jid81025  H158    28741   11       5352605  62371.230
20250927  jid81026  H158    28746   17       5352605  62371.255
20250927  jid81027  H158    29121   3        5352605  62376.204
20250927  jid81028  H158    29891   10       5352605  62386.204
20250927  jid8108   H158    23723   12       5325283  62306.161
20250927  jid81462  H158    3322    8        5356473  62041.182
20250927  jid81463  H158    4087    10       5356473  62051.156
20250927  jid81464  H158    5247    9        5356473  62066.182
20250927  jid81465  H158    5633    17       5356473  62071.187
20250927  jid81466  H158    6018    13       5356473  62076.187
20250927  jid81467  H158    6793    13       5356473  62086.212
20250927  jid81468  H158    7943    9        5356473  62101.187
20250927  jid81469  H158    8333    5        5356473  62106.212
20250927  jid81470  H158    8718    6        5356473  62111.212
20250927  jid81471  H158    9108    5        5356473  62116.238
20250927  jid81472  H158    9493    6        5356473  62121.238
20250927  jid81473  H158    9883    9        5356473  62126.264
20250927  jid81474  H158    11037   1        5356473  62141.260
20250927  jid81475  H158    11417   16       5356473  62146.234
20250927  jid81476  H158    11802   16       5356473  62151.234
20250927  jid81477  H158    12187   16       5356473  62156.234
20250927  jid81478  H158    11807   11       5356473  62151.260
20250927  jid81479  H158    16406   18       5356473  62211.152
20250927  jid81480  H158    16797   8        5356473  62216.182
20250927  jid81481  H158    17182   8        5356473  62221.182
20250927  jid81482  H158    17562   11       5356473  62226.156
20250927  jid81483  H158    19107   9        5356473  62246.182
20250927  jid81484  H158    19487   7        5356473  62251.156
20250927  jid81485  H158    21418   4        5356473  62276.187
20250927  jid81486  H158    21803   8        5356473  62281.187
20250927  jid81487  H158    21808   1        5356473  62281.212
20250927  jid81488  H158    22968   4        5356473  62296.238
20250927  jid81489  H158    23353   5        5356473  62301.238
20250927  jid81490  H158    24897   1        5356473  62321.260
20250927  jid81491  H158    23743   8        5356473  62306.264
20250927  jid81492  H158    25277   16       5356473  62326.234
20250927  jid81493  H158    25287   9        5356473  62326.286
20250927  jid81494  H158    25662   16       5356473  62331.234
20250927  jid81495  H158    25667   11       5356473  62331.260
20250927  jid81496  H158    26047   16       5356473  62336.234
20250927  jid81497  H158    27196   7        5356473  62351.204
20250927  jid81498  H158    27201   5        5356473  62351.230
20250927  jid81499  H158    27966   5        5356473  62361.204
20250927  jid8150   H158    23742   15       5364186  62306.260
20250927  jid81500  H158    27971   12       5356473  62361.230
20250927  jid81501  H158    28346   9        5356473  62366.178
20250927  jid81502  H158    28351   2        5356473  62366.204
20250927  jid81503  H158    28731   6        5356473  62371.178
20250927  jid81504  H158    28736   11       5356473  62371.204
20250927  jid81505  H158    29116   3        5356473  62376.178
20250927  jid81506  H158    29126   16       5356473  62376.230
20250927  jid81507  H158    29506   13       5356473  62381.204
20250927  jid81508  H158    29886   14       5356473  62386.178
20250927  jid81509  H158    30271   13       5356473  62391.178
20250927  jid8156   H158    23747   1        5364186  62306.286
20250927  jid81872  H158    6007    4        5356479  62076.130
20250927  jid81873  H158    6392    9        5356479  62081.130
20250927  jid81874  H158    6788    16       5356479  62086.187
20250927  jid81875  H158    7163    7        5356479  62091.135
20250927  jid81876  H158    7563    16       5356479  62096.212
20250927  jid81877  H158    9878    10       5356479  62126.238
20250927  jid81878  H158    10268   4        5356479  62131.264
20250927  jid81879  H158    11812   8        5356479  62151.286
20250927  jid81880  H158    13352   16       5356479  62171.286
20250927  jid81881  H158    13731   6        5356479  62176.255
20250927  jid81882  H158    17181   1        5356479  62221.178
20250927  jid81883  H158    16026   3        5356479  62206.178
20250927  jid81884  H158    17561   13       5356479  62226.152
20250927  jid81885  H158    17951   7        5356479  62231.178
20250927  jid81886  H158    18712   17       5356479  62241.131
20250927  jid81887  H158    18717   12       5356479  62241.156
20250927  jid81888  H158    20252   8        5356479  62261.131
20250927  jid81889  H158    21798   5        5356479  62281.161
20250927  jid81890  H158    21808   16       5356479  62281.212
20250927  jid81891  H158    21803   10       5356479  62281.187
20250927  jid81892  H158    22188   11       5356479  62286.187
20250927  jid81893  H158    22573   12       5356479  62291.187
20250927  jid81894  H158    23738   10       5356479  62306.238
20250927  jid81895  H158    24508   14       5356479  62316.238
20250927  jid81896  H158    24898   2        5356479  62321.264
20250927  jid81897  H158    25668   18       5356479  62331.264
20250927  jid81898  H158    26442   2        5356479  62341.286
20250927  jid81899  H158    26827   11       5356479  62346.286
20250927  jid81900  H158    28366   18       5356479  62366.281
20250927  jid81901  H158    27971   9        5356479  62361.230
20250927  jid81902  H158    28361   11       5356479  62366.255
20250927  jid81903  H158    27976   3        5356479  62361.255
20250927  jid81904  H158    28741   2        5356479  62371.230
20250927  jid81905  H158    28736   9        5356479  62371.204
20250927  jid81906  H158    29121   6        5356479  62376.204
20250927  jid81907  H158    30271   3        5356479  62391.178
20250927  jid81908  H158    29126   1        5356479  62376.230
20250927  jid82176  H158    3698    15       5364186  62046.135
20250927  jid82177  H158    4083    17       5364186  62051.135
20250927  jid82178  H158    4473    10       5364186  62056.161
20250927  jid82179  H158    5638    6        5364186  62071.212
20250927  jid82180  H158    6408    5        5364186  62081.212
20250927  jid82181  H158    7188    14       5364186  62091.264
20250927  jid82182  H158    7183    2        5364186  62091.238
20250927  jid82183  H158    7568    5        5364186  62096.238
20250927  jid82184  H158    7573    10       5364186  62096.264
20250927  jid82185  H158    7578    16       5364186  62096.290
20250927  jid82186  H158    7958    1        5364186  62101.264
20250927  jid82187  H158    8338    9        5364186  62106.238
20250927  jid82188  H158    8343    4        5364186  62106.264
20250927  jid82189  H158    8728    8        5364186  62111.264
20250927  jid82190  H158    8732    17       5364186  62111.286
20250927  jid82191  H158    9117    13       5364186  62116.286
20250927  jid82192  H158    9497    15       5364186  62121.260
20250927  jid82193  H158    11421   1        5364186  62146.255
20250927  jid82194  H158    11041   7        5364186  62141.281
20250927  jid82195  H158    11426   9        5364186  62146.281
20250927  jid82196  H158    11806   2        5364186  62151.255
20250927  jid82197  H158    12956   14       5364186  62166.230
20250927  jid82198  H158    12186   10       5364186  62156.230
20250927  jid82199  H158    13341   18       5364186  62171.230
20250927  jid82200  H158    13721   13       5364186  62176.204
20250927  jid82201  H158    14861   6        5364186  62191.126
20250927  jid82202  H158    15251   14       5364186  62196.152
20250927  jid82203  H158    15256   16       5364186  62196.178
20250927  jid82204  H158    15636   17       5364186  62201.152
20250927  jid82205  H158    16017   5        5364186  62206.131
20250927  jid8302   H158    24107   1        5297558  62311.156
20250927  jid8310   H158    24112   13       5321341  62311.182
20250927  jid832    H158    1788    3        5297552  62021.212
20250927  jid8330   H158    24122   9        5333116  62311.234
20250927  jid835    H158    1794    14       5261331  62021.243
20250927  jid8530   H158    24503   4        5325283  62316.212
20250927  jid85566  H158    32223   18       5261333  62416.316
20250927  jid85569  H158    31838   13       5261331  62411.316
20250927  jid85581  H158    31058   5        5297552  62401.264
20250927  jid85585  H158    31832   7        5297554  62411.286
20250927  jid85595  H158    33351   4        5325281  62431.178
20250927  jid85604  H158    31421   16       5352605  62406.152
20250927  jid85616  H158    31037   3        5356473  62401.156
20250927  jid85625  H158    31041   1        5356479  62401.178
20250927  jid8563   H158    24517   6        5364186  62316.286
20250927  jid85736  H158    32223   17       5261331  62416.316
20250927  jid85737  H158    32997   10       5261331  62426.337
20250927  jid85738  H158    34151   14       5261331  62441.333
20250927  jid85739  H158    36050   8        5261331  62466.199
20250927  jid85740  H158    36815   4        5261331  62476.174
20250927  jid85741  H158    37955   18       5261331  62491.096
20250927  jid85742  H158    36430   9        5261331  62471.174
20250927  jid85743  H158    37195   2        5261331  62481.148
20250927  jid85744  H158    39492   15       5261331  62511.079
20250927  jid85745  H158    40262   4        5261331  62521.079
20250927  jid85746  H158    40648   13       5261331  62526.083
20250927  jid85747  H158    40653   15       5261331  62526.109
20250927  jid85748  H158    41423   6        5261331  62536.109
20250927  jid85749  H158    42194   7        5261331  62546.113
20250927  jid85750  H158    42199   1        5261331  62546.139
20250927  jid85751  H158    42984   17       5261331  62556.217
20250927  jid85752  H158    44144   15       5261331  62571.243
20250927  jid85753  H158    48396   17       5261331  62626.333
20250927  jid85754  H158    49535   1        5261331  62641.251
20250927  jid85755  H158    49540   13       5261331  62641.277
20250927  jid85756  H158    51055   6        5261331  62661.148
20250927  jid85757  H158    52586   3        5261331  62681.100
20250927  jid85758  H158    54122   1        5261331  62701.079
20250927  jid85759  H158    55674   16       5261331  62721.139
20250927  jid85760  H158    56064   17       5261331  62726.165
20250927  jid85836  H158    32997   11       5261333  62426.337
20250927  jid85837  H158    33382   18       5261333  62431.337
20250927  jid85838  H158    33766   3        5261333  62436.333
20250927  jid85839  H158    36050   4        5261333  62466.199
20250927  jid85840  H158    36430   5        5261333  62471.174
20250927  jid85841  H158    37575   14       5261333  62486.122
20250927  jid85842  H158    37955   17       5261333  62491.096
20250927  jid85843  H158    40262   7        5261333  62521.079
20250927  jid85844  H158    39492   14       5261333  62511.079
20250927  jid85845  H158    41423   9        5261333  62536.109
20250927  jid85846  H158    40653   11       5261333  62526.109
20250927  jid85847  H158    41429   16       5261333  62536.139
20250927  jid85848  H158    42199   4        5261333  62546.139
20250927  jid85849  H158    42204   10       5261333  62546.165
20250927  jid85850  H158    42209   17       5261333  62546.191
20250927  jid85851  H158    44149   10       5261333  62571.268
20250927  jid85852  H158    48770   6        5261333  62631.277
20250927  jid85853  H158    49530   4        5261333  62641.225
20250927  jid85854  H158    49535   10       5261333  62641.251
20250927  jid85855  H158    49540   16       5261333  62641.277
20250927  jid85856  H158    51055   2        5261333  62661.148
20250927  jid85857  H158    51820   13       5261333  62671.122
20250927  jid85858  H158    53352   15       5261333  62691.079
20250927  jid85859  H158    53737   10       5261333  62696.079
20250927  jid85860  H158    54127   9        5261333  62701.105
20250927  jid85861  H158    53742   6        5261333  62696.105
20250927  jid85862  H158    54898   2        5261333  62711.109
20250927  jid86127  H158    32597   10       5297552  62421.260
20250927  jid86128  H158    32987   3        5297552  62426.286
20250927  jid86129  H158    33752   16       5297552  62436.260
20250927  jid86130  H158    34136   6        5297552  62441.255
20250927  jid86131  H158    36436   10       5297552  62471.204
20250927  jid86132  H158    37201   10       5297552  62481.178
20250927  jid86133  H158    38737   3        5297552  62501.156
20250927  jid86134  H158    40662   8        5297552  62526.156
20250927  jid86135  H158    41823   10       5297552  62541.187
20250927  jid86136  H158    41828   18       5297552  62541.212
20250927  jid86137  H158    44143   1        5297552  62571.238
20250927  jid86138  H158    42983   10       5297552  62556.212
20250927  jid86139  H158    44528   2        5297552  62576.238
20250927  jid86140  H158    46077   7        5297552  62596.286
20250927  jid86141  H158    46842   10       5297552  62606.260
20250927  jid86142  H158    46847   6        5297552  62606.286
20250927  jid86143  H158    47227   13       5297552  62611.260
20250927  jid86144  H158    47991   7        5297552  62621.230
20250927  jid86145  H158    47997   16       5297552  62621.260
20250927  jid86146  H158    48766   12       5297552  62631.255
20250927  jid86147  H158    49146   2        5297552  62636.230
20250927  jid86148  H158    49526   5        5297552  62641.204
20250927  jid86149  H158    49536   17       5297552  62641.255
20250927  jid86150  H158    49906   9        5297552  62646.178
20250927  jid86151  H158    49916   13       5297552  62646.230
20250927  jid86152  H158    50291   6        5297552  62651.178
20250927  jid86153  H158    51061   11       5297552  62661.178
20250927  jid86154  H158    51441   15       5297552  62666.152
20250927  jid86155  H158    51446   10       5297552  62666.178
20250927  jid86156  H158    52597   3        5297552  62681.156
20250927  jid86157  H158    52977   18       5297552  62686.131
20250927  jid86158  H158    53367   2        5297552  62691.156
20250927  jid86159  H158    54908   16       5297552  62711.161
20250927  jid86160  H158    54913   18       5297552  62711.187
20250927  jid86161  H158    55683   13       5297552  62721.187
20250927  jid86162  H158    55688   18       5297552  62721.212
20250927  jid86271  H158    32212   10       5297554  62416.260
20250927  jid86272  H158    32982   14       5297554  62426.260
20250927  jid86273  H158    33366   8        5297554  62431.255
20250927  jid86274  H158    34896   4        5297554  62451.204
20250927  jid86275  H158    36051   10       5297554  62466.204
20250927  jid86276  H158    37196   15       5297554  62481.152
20250927  jid86277  H158    37201   13       5297554  62481.178
20250927  jid86278  H158    37966   16       5297554  62491.152
20250927  jid86279  H158    37967   6        5297554  62491.156
20250927  jid86280  H158    38732   18       5297554  62501.131
20250927  jid86281  H158    38737   2        5297554  62501.156
20250927  jid86282  H158    40278   17       5297554  62521.161
20250927  jid86283  H158    39892   4        5297554  62516.156
20250927  jid86284  H158    41438   10       5297554  62536.187
20250927  jid86285  H158    41828   14       5297554  62541.212
20250927  jid86286  H158    43758   1        5297554  62566.238
20250927  jid86287  H158    46072   10       5297554  62596.260
20250927  jid86288  H158    46077   8        5297554  62596.286
20250927  jid86289  H158    46842   14       5297554  62606.260
20250927  jid86290  H158    47227   14       5297554  62611.260
20250927  jid86291  H158    47611   9        5297554  62616.255
20250927  jid86292  H158    47991   4        5297554  62621.230
20250927  jid86293  H158    47996   6        5297554  62621.255
20250927  jid86294  H158    48761   2        5297554  62631.230
20250927  jid86295  H158    49146   11       5297554  62636.230
20250927  jid86296  H158    49151   18       5297554  62636.255
20250927  jid86297  H158    49911   10       5297554  62646.204
20250927  jid86298  H158    52597   2        5297554  62681.156
20250927  jid86299  H158    50676   11       5297554  62656.178
20250927  jid86300  H158    52977   17       5297554  62686.131
20250927  jid86301  H158    53367   1        5297554  62691.156
20250927  jid86302  H158    54522   7        5297554  62706.156
20250927  jid86303  H158    54913   14       5297554  62711.187
20250927  jid86304  H158    56068   1        5297554  62726.187
20250927  jid86407  H158    46072   12       5297558  62596.260
20250927  jid86408  H158    45687   11       5297558  62591.260
20250927  jid86409  H158    47606   1        5297558  62616.230
20250927  jid86410  H158    47991   2        5297558  62621.230
20250927  jid86411  H158    48761   15       5297558  62631.230
20250927  jid86412  H158    49146   18       5297558  62636.230
20250927  jid86413  H158    49901   6        5297558  62646.152
20250927  jid86414  H158    49906   11       5297558  62646.178
20250927  jid86415  H158    50291   14       5297558  62651.178
20250927  jid86416  H158    50671   15       5297558  62656.152
20250927  jid86417  H158    51056   18       5297558  62661.152
20250927  jid86418  H158    51822   12       5297558  62671.131
20250927  jid86419  H158    52212   1        5297558  62676.156
20250927  jid86420  H158    53368   15       5297558  62691.161
20250927  jid86421  H158    54918   12       5297558  62711.212
20250927  jid86422  H158    55303   11       5297558  62716.212
20250927  jid86423  H158    55693   15       5297558  62721.238
20250927  jid86424  H158    56068   7        5297558  62726.187
20250927  jid86426  H158    56073   1        5297558  62726.212
20250927  jid86540  H158    44907   12       5321341  62581.208
20250927  jid86541  H158    45297   5        5321341  62586.234
20250927  jid86542  H158    45677   15       5321341  62591.208
20250927  jid86543  H158    46062   15       5321341  62596.208
20250927  jid86544  H158    46067   6        5321341  62596.234
20250927  jid86545  H158    49517   7        5321341  62641.156
20250927  jid86546  H158    47216   7        5321341  62611.204
20250927  jid86547  H158    49902   8        5321341  62646.156
20250927  jid86548  H158    50287   6        5321341  62651.156
20250927  jid86549  H158    50292   1        5321341  62651.182
20250927  jid86550  H158    52217   13       5321341  62676.182
20250927  jid86551  H158    54148   18       5321341  62701.212
20250927  jid86552  H158    54917   8        5321341  62711.208
20250927  jid86619  H158    34116   8        5325281  62441.152
20250927  jid86620  H158    34122   16       5325281  62441.182
20250927  jid86621  H158    35277   13       5325281  62456.182
20250927  jid86622  H158    35267   7        5325281  62456.131
20250927  jid86623  H158    35662   13       5325281  62461.182
20250927  jid86624  H158    35652   9        5325281  62461.131
20250927  jid86625  H158    36047   13       5325281  62466.182
20250927  jid86626  H158    37202   16       5325281  62481.182
20250927  jid86627  H158    37203   7        5325281  62481.187
20250927  jid86628  H158    37973   2        5325281  62491.187
20250927  jid86629  H158    39138   9        5325281  62506.238
20250927  jid86630  H158    39128   17       5325281  62506.187
20250927  jid86631  H158    39523   6        5325281  62511.238
20250927  jid86632  H158    40678   13       5325281  62526.238
20250927  jid86633  H158    40683   15       5325281  62526.264
20250927  jid86634  H158    41447   9        5325281  62536.234
20250927  jid86635  H158    41068   17       5325281  62531.264
20250927  jid86636  H158    41837   3        5325281  62541.260
20250927  jid86637  H158    42217   5        5325281  62546.234
20250927  jid86638  H158    42602   5        5325281  62551.234
20250927  jid86639  H158    42987   5        5325281  62556.234
20250927  jid86640  H158    42612   17       5325281  62551.286
20250927  jid86641  H158    43372   5        5325281  62561.234
20250927  jid86642  H158    44526   17       5325281  62576.230
20250927  jid86643  H158    44146   16       5325281  62571.255
20250927  jid86644  H158    44527   9        5325281  62576.234
20250927  jid86645  H158    45291   17       5325281  62586.204
20250927  jid86646  H158    44911   13       5325281  62581.230
20250927  jid86647  H158    45676   13       5325281  62591.204
20250927  jid86648  H158    47976   7        5325281  62621.152
20250927  jid86649  H158    48367   16       5325281  62626.182
20250927  jid86650  H158    49137   13       5325281  62636.182
20250927  jid86651  H158    49512   8        5325281  62641.131
20250927  jid86652  H158    49517   1        5325281  62641.156
20250927  jid86653  H158    49522   13       5325281  62641.182
20250927  jid86654  H158    49907   13       5325281  62646.182
20250927  jid86655  H158    50287   12       5325281  62651.156
20250927  jid86656  H158    50292   13       5325281  62651.182
20250927  jid86657  H158    51443   6        5325281  62666.161
20250927  jid86658  H158    51447   16       5325281  62666.182
20250927  jid86659  H158    51833   5        5325281  62671.187
20250927  jid86660  H158    52218   2        5325281  62676.187
20250927  jid86661  H158    52608   5        5325281  62681.212
20250927  jid86662  H158    52993   2        5325281  62686.212
20250927  jid86663  H158    54153   11       5325281  62701.238
20250927  jid86664  H158    55692   9        5325281  62721.234
20250927  jid86802  H158    45291   18       5325283  62586.204
20250927  jid86803  H158    45681   4        5325283  62591.230
20250927  jid86804  H158    47211   1        5325283  62611.178
20250927  jid86805  H158    47976   4        5325283  62621.152
20250927  jid86806  H158    49137   16       5325283  62636.182
20250927  jid86807  H158    49512   4        5325283  62641.131
20250927  jid86808  H158    49517   10       5325283  62641.156
20250927  jid86809  H158    49522   16       5325283  62641.182
20250927  jid86810  H158    51828   12       5325283  62671.161
20250927  jid86811  H158    52608   4        5325283  62681.212
20250927  jid86812  H158    52993   1        5325283  62686.212
20250927  jid86813  H158    53378   10       5325283  62691.212
20250927  jid86814  H158    55318   18       5325283  62716.290
20250927  jid86920  H158    44902   16       5333116  62581.182
20250927  jid86921  H158    44903   6        5333116  62581.187
20250927  jid86922  H158    45293   9        5333116  62586.212
20250927  jid86923  H158    45678   6        5333116  62591.212
20250927  jid86924  H158    46063   3        5333116  62596.212
20250927  jid86925  H158    47223   15       5333116  62611.238
20250927  jid86926  H158    47987   7        5333116  62621.208
20250927  jid86927  H158    47993   16       5333116  62621.238
20250927  jid86928  H158    48762   6        5333116  62631.234
20250927  jid86929  H158    49527   9        5333116  62641.208
20250927  jid86930  H158    49532   2        5333116  62641.234
20250927  jid86931  H158    49537   14       5333116  62641.260
20250927  jid86932  H158    49912   9        5333116  62646.208
20250927  jid86933  H158    52227   9        5333116  62676.234
20250927  jid86934  H158    54146   8        5333116  62701.204
20250927  jid86935  H158    54526   7        5333116  62706.178
20250927  jid86936  H158    54527   16       5333116  62706.182
20250927  jid86937  H158    55687   17       5333116  62721.208
20250927  jid86938  H158    54917   18       5333116  62711.208
20250927  jid87074  H158    32192   15       5352605  62416.156
20250927  jid87075  H158    32577   14       5352605  62421.156
20250927  jid87076  H158    34117   5        5352605  62441.156
20250927  jid87077  H158    34508   16       5352605  62446.187
20250927  jid87078  H158    36043   9        5352605  62466.161
20250927  jid87079  H158    36823   1        5352605  62476.212
20250927  jid87080  H158    37208   2        5352605  62481.212
20250927  jid87081  H158    37593   12       5352605  62486.212
20250927  jid87082  H158    37983   2        5352605  62491.238
20250927  jid87083  H158    37988   7        5352605  62491.264
20250927  jid87084  H158    38373   8        5352605  62496.264
20250927  jid87085  H158    38758   6        5352605  62501.264
20250927  jid87086  H158    40682   10       5352605  62526.260
20250927  jid87087  H158    41067   13       5352605  62531.260
20250927  jid87088  H158    43751   11       5352605  62566.204
20250927  jid87089  H158    44136   10       5352605  62571.204
20250927  jid87090  H158    45281   17       5352605  62586.152
20250927  jid87091  H158    47207   10       5352605  62611.156
20250927  jid87092  H158    47592   1        5352605  62616.156
20250927  jid87093  H158    47977   5        5352605  62621.156
20250927  jid87094  H158    49903   8        5352605  62646.161
20250927  jid87095  H158    52228   2        5352605  62676.238
20250927  jid87096  H158    54157   1        5352605  62701.260
20250927  jid87097  H158    52613   12       5352605  62681.238
20250927  jid87098  H158    54542   10       5352605  62706.260
20250927  jid87099  H158    55317   18       5352605  62716.286
20250927  jid87100  H158    56076   6        5352605  62726.230
20250927  jid8725   H158    24888   1        5325283  62321.212
20250927  jid87444  H158    31042   8        5356473  62401.182
20250927  jid87445  H158    31427   8        5356473  62406.182
20250927  jid87446  H158    32192   10       5356473  62416.156
20250927  jid87447  H158    33352   9        5356473  62431.182
20250927  jid87448  H158    33738   17       5356473  62436.187
20250927  jid87449  H158    34123   13       5356473  62441.187
20250927  jid87450  H158    34898   13       5356473  62451.212
20250927  jid87451  H158    36048   9        5356473  62466.187
20250927  jid87452  H158    36823   6        5356473  62476.212
20250927  jid87453  H158    36438   5        5356473  62471.212
20250927  jid87454  H158    37213   5        5356473  62481.238
20250927  jid87455  H158    37598   6        5356473  62486.238
20250927  jid87456  H158    39142   1        5356473  62506.260
20250927  jid87457  H158    37988   9        5356473  62491.264
20250927  jid87458  H158    39522   16       5356473  62511.234
20250927  jid87459  H158    39907   16       5356473  62516.234
20250927  jid87460  H158    39912   11       5356473  62516.260
20250927  jid87461  H158    40292   16       5356473  62521.234
20250927  jid87462  H158    44511   18       5356473  62576.152
20250927  jid87463  H158    44902   8        5356473  62581.182
20250927  jid87464  H158    45667   11       5356473  62591.156
20250927  jid87465  H158    47212   9        5356473  62611.182
20250927  jid87466  H158    45287   8        5356473  62586.182
20250927  jid87467  H158    47592   7        5356473  62616.156
20250927  jid87468  H158    49908   8        5356473  62646.187
20250927  jid87469  H158    49523   4        5356473  62641.187
20250927  jid87470  H158    49913   1        5356473  62646.212
20250927  jid87471  H158    51073   4        5356473  62661.238
20250927  jid87472  H158    51458   5        5356473  62666.238
20250927  jid87473  H158    51848   8        5356473  62671.264
20250927  jid87474  H158    53002   1        5356473  62686.260
20250927  jid87475  H158    53382   16       5356473  62691.234
20250927  jid87476  H158    53767   16       5356473  62696.234
20250927  jid87477  H158    53392   9        5356473  62691.286
20250927  jid87478  H158    53772   11       5356473  62696.260
20250927  jid87479  H158    54152   16       5356473  62701.234
20250927  jid87480  H158    55301   7        5356473  62716.204
20250927  jid87481  H158    55306   5        5356473  62716.230
20250927  jid87482  H158    56071   5        5356473  62726.204
20250927  jid87483  H158    56076   12       5356473  62726.230
20250927  jid87778  H158    34112   4        5356479  62441.131
20250927  jid87779  H158    34497   9        5356479  62446.131
20250927  jid87780  H158    34893   16       5356479  62451.187
20250927  jid87781  H158    35668   16       5356479  62461.212
20250927  jid87782  H158    35268   7        5356479  62456.135
20250927  jid87783  H158    37983   10       5356479  62491.238
20250927  jid87784  H158    38373   4        5356479  62496.264
20250927  jid87785  H158    39917   8        5356479  62516.286
20250927  jid87786  H158    41457   16       5356479  62536.286
20250927  jid87787  H158    41836   6        5356479  62541.255
20250927  jid87788  H158    44131   3        5356479  62571.178
20250927  jid87789  H158    45286   1        5356479  62586.178
20250927  jid87790  H158    45666   13       5356479  62591.152
20250927  jid87791  H158    46056   7        5356479  62596.178
20250927  jid87792  H158    46817   17       5356479  62606.131
20250927  jid87793  H158    46822   12       5356479  62606.156
20250927  jid87794  H158    48357   8        5356479  62626.131
20250927  jid87795  H158    49903   5        5356479  62646.161
20250927  jid87796  H158    49908   10       5356479  62646.187
20250927  jid87797  H158    50293   11       5356479  62651.187
20250927  jid87798  H158    49913   16       5356479  62646.212
20250927  jid87799  H158    50678   12       5356479  62656.187
20250927  jid87800  H158    51843   10       5356479  62671.238
20250927  jid87801  H158    52613   14       5356479  62681.238
20250927  jid87802  H158    53003   2        5356479  62686.264
20250927  jid87803  H158    53773   18       5356479  62696.264
20250927  jid87804  H158    54547   2        5356479  62706.286
20250927  jid87805  H158    54932   11       5356479  62711.286
20250927  jid87806  H158    56076   9        5356479  62726.230
20250927  jid87807  H158    56081   3        5356479  62726.255
20250927  jid88033  H158    44507   2        5364186  62576.131
20250927  jid88034  H158    46048   18       5364186  62596.135
20250927  jid88035  H158    47603   6        5364186  62616.212
20250927  jid88036  H158    45668   6        5364186  62591.161
20250927  jid88037  H158    48368   7        5364186  62626.187
20250927  jid88038  H158    48373   5        5364186  62626.212
20250927  jid88039  H158    49143   8        5364186  62636.212
20250927  jid88040  H158    49148   2        5364186  62636.238
20250927  jid88041  H158    49153   15       5364186  62636.264
20250927  jid88042  H158    50303   9        5364186  62651.238
20250927  jid88043  H158    49918   5        5364186  62646.238
20250927  jid88044  H158    51462   15       5364186  62666.260
20250927  jid88045  H158    51847   15       5364186  62671.260
20250927  jid88046  H158    51852   1        5364186  62671.286
20250927  jid88047  H158    52622   6        5364186  62681.286
20250927  jid88048  H158    53391   8        5364186  62691.281
20250927  jid88049  H158    54921   14       5364186  62711.230
20250927  jid88050  H158    55686   13       5364186  62721.204
20250927  jid8926   H158    25263   15       5297558  62326.161
20250927  jid8941   H158    25273   10       5325283  62326.212
20250927  jid8967   H158    25286   8        5364186  62326.281
20250927  jid90824  H158    234     8        5261333  62001.139
20250927  jid90827  H158    234     5        5261331  62001.139
20250927  jid90837  H158    238     8        5297552  62001.161
20250927  jid90843  H158    243     4        5297554  62001.187
20250927  jid90846  H158    248     4        5297558  62001.212
20250927  jid90850  H158    247     6        5321341  62001.208
20250927  jid90855  H158    252     5        5325281  62001.234
20250927  jid90858  H158    252     9        5325283  62001.234
20250927  jid90863  H158    237     4        5333116  62001.156
20250927  jid90867  H158    251     3        5352605  62001.230
20250927  jid90880  H158    241     9        5356473  62001.178
20250927  jid90889  H158    256     11       5356479  62001.255
20250927  jid90896  H158    236     4        5364186  62001.152
20250927  jid90920  H158    239     11       5261331  62001.165
20250927  jid90921  H158    244     17       5261331  62001.191
20250927  jid90922  H158    624     3        5261331  62006.165
20250927  jid90923  H158    629     14       5261331  62006.191
20250927  jid90925  H158    1014    12       5261331  62011.191
20250927  jid90927  H158    1404    15       5261331  62016.217
20250927  jid90945  H158    239     2        5261333  62001.165
20250927  jid90946  H158    624     6        5261333  62006.165
20250927  jid90947  H158    629     11       5261333  62006.191
20250927  jid90948  H158    634     17       5261333  62006.217
20250927  jid90949  H158    1024    16       5261333  62011.243
20250927  jid90950  H158    1404    12       5261333  62016.217
20250927  jid91003  H158    243     1        5297552  62001.187
20250927  jid91004  H158    1013    6        5297552  62011.187
20250927  jid91005  H158    1403    2        5297552  62016.212
20250927  jid91006  H158    248     13       5297552  62001.212
20250927  jid91007  H158    633     10       5297552  62006.212
20250927  jid91008  H158    638     16       5297552  62006.238
20250927  jid91029  H158    248     10       5297554  62001.212
20250927  jid91030  H158    253     17       5297554  62001.238
20250927  jid91031  H158    633     1        5297554  62006.212
20250927  jid91032  H158    638     13       5297554  62006.238
20250927  jid91033  H158    1018    2        5297554  62011.212
20250927  jid91049  H158    253     10       5297558  62001.238
20250927  jid91050  H158    258     17       5297558  62001.264
20250927  jid91051  H158    638     1        5297558  62006.238
20250927  jid91052  H158    1018    9        5297558  62011.212
20250927  jid91053  H158    1023    4        5297558  62011.238
20250927  jid91071  H158    252     12       5321341  62001.234
20250927  jid91072  H158    632     6        5321341  62006.208
20250927  jid91073  H158    637     11       5321341  62006.234
20250927  jid91074  H158    642     17       5321341  62006.260
20250927  jid91075  H158    1022    11       5321341  62011.234
20250927  jid91076  H158    1402    3        5321341  62016.208
20250927  jid91097  H158    257     11       5325281  62001.260
20250927  jid91098  H158    262     18       5325281  62001.286
20250927  jid91099  H158    637     5        5325281  62006.234
20250927  jid91100  H158    642     10       5325281  62006.260
20250927  jid91103  H158    1022    5        5325281  62011.234
20250927  jid91117  H158    257     2        5325283  62001.260
20250927  jid91118  H158    637     9        5325283  62006.234
20250927  jid91119  H158    262     14       5325283  62001.286
20250927  jid91120  H158    642     1        5325283  62006.260
20250927  jid91121  H158    1022    9        5325283  62011.234
20250927  jid91122  H158    1407    9        5325283  62016.234
20250927  jid91143  H158    247     16       5333116  62001.208
20250927  jid91144  H158    632     16       5333116  62006.208
20250927  jid91145  H158    627     10       5333116  62006.182
20250927  jid91146  H158    622     5        5333116  62006.156
20250927  jid91147  H158    1007    3        5333116  62011.156
20250927  jid91165  H158    641     17       5352605  62006.255
20250927  jid91166  H158    256     15       5352605  62001.255
20250927  jid91167  H158    1016    3        5352605  62011.204
20250927  jid91168  H158    631     6        5352605  62006.204
20250927  jid91169  H158    636     11       5352605  62006.230
20250927  jid91253  H158    246     2        5356473  62001.204
20250927  jid91254  H158    626     6        5356473  62006.178
20250927  jid91255  H158    631     11       5356473  62006.204
20250927  jid91256  H158    1011    3        5356473  62011.178
20250927  jid91257  H158    1021    16       5356473  62011.230
20250927  jid91258  H158    1401    13       5356473  62016.204
20250927  jid91308  H158    261     18       5356479  62001.281
20250927  jid91309  H158    631     9        5356479  62006.204
20250927  jid91310  H158    636     2        5356479  62006.230
20250927  jid91311  H158    1016    6        5356479  62011.204
20250927  jid91312  H158    1021    1        5356479  62011.230
20250927  jid91345  H158    241     10       5364186  62001.178
20250927  jid91347  H158    616     9        5364186  62006.126
20250927  jid91348  H158    621     2        5364186  62006.152
20250927  jid91349  H158    626     13       5364186  62006.178
20250927  jid91350  H158    1006    11       5364186  62011.152
