PROCDATE  JOB       FILTER  OBSID   SCANUM  FIELD     MJD      
20250927  jid37432  R062    1937    2        5364186  62025.059
20250927  jid37585  R062    1946    13       5356473  62025.088
20250927  jid37594  R062    1946    3        5356479  62025.088
20250927  jid37770  R062    1956    18       5325281  62025.120
20250927  jid37790  R062    1957    1        5321341  62025.123
20250927  jid37798  R062    1957    9        5325281  62025.123
20250927  jid37857  R062    1961    13       5325283  62025.136
20250927  jid37907  R062    1964    10       5261331  62025.144
20250927  jid51977  R062    2322    11       5364186  62030.059
20250927  jid52182  R062    2333    9        5333116  62030.094
20250927  jid52260  R062    2337    12       5321341  62030.107
20250927  jid52322  R062    2341    14       5325283  62030.120
20250927  jid52457  R062    2348    4        5297552  62030.142
20250927  jid59001  R062    2712    3        5356473  62035.075
20250927  jid59071  R062    2716    1        5356479  62035.088
20250927  jid59086  R062    2717    16       5333116  62035.091
20250927  jid59095  R062    2717    8        5356473  62035.091
20250927  jid59241  R062    2726    10       5325283  62035.120
20250927  jid59374  R062    2733    5        5297552  62035.142
20250927  jid79165  R062    3898    18       5261333  62050.174
20250927  jid79168  R062    3507    7        5297554  62045.155
20250927  jid79171  R062    3117    11       5297558  62040.139
20250927  jid79173  R062    3096    16       5352605  62040.072
20250927  jid79386  R062    3513    13       5261331  62045.174
20250927  jid79388  R062    3898    17       5261331  62050.174
20250927  jid79389  R062    7725    8        5261331  62100.102
20250927  jid79390  R062    4672    10       5261331  62060.187
20250927  jid79391  R062    5826    14       5261331  62075.185
20250927  jid79392  R062    8490    4        5261331  62110.086
20250927  jid79393  R062    8105    9        5261331  62105.086
20250927  jid79394  R062    8870    2        5261331  62115.070
20250927  jid79395  R062    9630    18       5261331  62125.037
20250927  jid79396  R062    11167   15       5261331  62145.027
20250927  jid79397  R062    11937   4        5261331  62155.027
20250927  jid79398  R062    12323   13       5261331  62160.029
20250927  jid79399  R062    12328   15       5261331  62160.045
20250927  jid79400  R062    13098   6        5261331  62170.045
20250927  jid79401  R062    13869   7        5261331  62180.048
20250927  jid79402  R062    13874   1        5261331  62180.064
20250927  jid79403  R062    14659   17       5261331  62190.112
20250927  jid79404  R062    15819   15       5261331  62205.128
20250927  jid79405  R062    20071   17       5261331  62260.185
20250927  jid79406  R062    21210   1        5261331  62275.134
20250927  jid79407  R062    21215   13       5261331  62275.150
20250927  jid79408  R062    22730   6        5261331  62295.070
20250927  jid79409  R062    24261   3        5261331  62315.040
20250927  jid79410  R062    25797   1        5261331  62335.027
20250927  jid79411  R062    27349   16       5261331  62355.064
20250927  jid79412  R062    27739   17       5261331  62360.080
20250927  jid79413  R062    28119   5        5261331  62365.064
20250927  jid79414  R062    28124   11       5261331  62365.080
20250927  jid79415  R062    28129   17       5261331  62365.096
20250927  jid79416  R062    28509   3        5261331  62370.080
20250927  jid79417  R062    28514   14       5261331  62370.096
20250927  jid79418  R062    28899   12       5261331  62375.096
20250927  jid79419  R062    29289   15       5261331  62380.112
20250927  jid79420  R062    29679   14       5261331  62385.128
20250927  jid79421  R062    30069   10       5261331  62390.144
20250927  jid79525  R062    4672    11       5261333  62060.187
20250927  jid79526  R062    5057    18       5261333  62065.187
20250927  jid79527  R062    5441    3        5261333  62070.185
20250927  jid79528  R062    7725    4        5261333  62100.102
20250927  jid79529  R062    8105    5        5261333  62105.086
20250927  jid79530  R062    9250    14       5261333  62120.053
20250927  jid79531  R062    9630    17       5261333  62125.037
20250927  jid79532  R062    11937   7        5261333  62155.027
20250927  jid79533  R062    11167   14       5261333  62145.027
20250927  jid79534  R062    12328   11       5261333  62160.045
20250927  jid79535  R062    13098   9        5261333  62170.045
20250927  jid79536  R062    13104   16       5261333  62170.064
20250927  jid79537  R062    13874   4        5261333  62180.064
20250927  jid79538  R062    13879   10       5261333  62180.080
20250927  jid79539  R062    13884   17       5261333  62180.096
20250927  jid79540  R062    15824   10       5261333  62205.144
20250927  jid79541  R062    20445   6        5261333  62265.150
20250927  jid79542  R062    21205   4        5261333  62275.118
20250927  jid79543  R062    21210   10       5261333  62275.134
20250927  jid79544  R062    21215   16       5261333  62275.150
20250927  jid79545  R062    22730   2        5261333  62295.070
20250927  jid79546  R062    23495   13       5261333  62305.053
20250927  jid79547  R062    25027   15       5261333  62325.027
20250927  jid79548  R062    25412   10       5261333  62330.027
20250927  jid79549  R062    25802   9        5261333  62335.043
20250927  jid79550  R062    25417   6        5261333  62330.043
20250927  jid79551  R062    26573   2        5261333  62345.045
20250927  jid79552  R062    28119   8        5261333  62365.064
20250927  jid79553  R062    28124   2        5261333  62365.080
20250927  jid79554  R062    28509   6        5261333  62370.080
20250927  jid79555  R062    28514   11       5261333  62370.096
20250927  jid79556  R062    28519   17       5261333  62370.112
20250927  jid79557  R062    29289   12       5261333  62380.112
20250927  jid79558  R062    28909   16       5261333  62375.128
20250927  jid79917  R062    4272    10       5297552  62055.139
20250927  jid79918  R062    4662    3        5297552  62060.155
20250927  jid79919  R062    5427    16       5297552  62070.139
20250927  jid79920  R062    5811    6        5297552  62075.136
20250927  jid79921  R062    10412   3        5297552  62135.075
20250927  jid79922  R062    8111    10       5297552  62105.104
20250927  jid79923  R062    8876    10       5297552  62115.088
20250927  jid79924  R062    12337   8        5297552  62160.075
20250927  jid79925  R062    13503   18       5297552  62175.110
20250927  jid79926  R062    13498   10       5297552  62175.094
20250927  jid79927  R062    14658   10       5297552  62190.110
20250927  jid79928  R062    15818   1        5297552  62205.126
20250927  jid79929  R062    16203   2        5297552  62210.126
20250927  jid79930  R062    17752   7        5297552  62230.155
20250927  jid79931  R062    18902   13       5297552  62245.139
20250927  jid79932  R062    18517   10       5297552  62240.139
20250927  jid79933  R062    19666   7        5297552  62255.120
20250927  jid79934  R062    18522   6        5297552  62240.155
20250927  jid79935  R062    19672   16       5297552  62255.139
20250927  jid79936  R062    20821   2        5297552  62270.120
20250927  jid79937  R062    20441   12       5297552  62265.136
20250927  jid79938  R062    21201   5        5297552  62275.104
20250927  jid79939  R062    21591   13       5297552  62280.120
20250927  jid79940  R062    21211   17       5297552  62275.136
20250927  jid79941  R062    21581   9        5297552  62280.088
20250927  jid79942  R062    21966   6        5297552  62285.088
20250927  jid79943  R062    23116   15       5297552  62300.072
20250927  jid79944  R062    22736   11       5297552  62295.088
20250927  jid79945  R062    23121   10       5297552  62300.088
20250927  jid79946  R062    24652   18       5297552  62320.059
20250927  jid79947  R062    24272   3        5297552  62315.075
20250927  jid79948  R062    25042   2        5297552  62325.075
20250927  jid79949  R062    26583   16       5297552  62345.078
20250927  jid79950  R062    26588   18       5297552  62345.094
20250927  jid79951  R062    27358   13       5297552  62355.094
20250927  jid79952  R062    27363   18       5297552  62355.110
20250927  jid79953  R062    28123   8        5297552  62365.078
20250927  jid79954  R062    28128   1        5297552  62365.094
20250927  jid79955  R062    28133   13       5297552  62365.110
20250927  jid79956  R062    28518   10       5297552  62370.110
20250927  jid79957  R062    28523   16       5297552  62370.126
20250927  jid79958  R062    28898   6        5297552  62375.094
20250927  jid79959  R062    29288   2        5297552  62380.110
20250927  jid79960  R062    30453   4        5297552  62395.142
20250927  jid79961  R062    29673   3        5297552  62385.110
20250927  jid80087  R062    3887    10       5297554  62050.139
20250927  jid80088  R062    4657    14       5297554  62060.139
20250927  jid80089  R062    5041    8        5297554  62065.136
20250927  jid80090  R062    6571    4        5297554  62085.104
20250927  jid80091  R062    7726    10       5297554  62100.104
20250927  jid80092  R062    8871    15       5297554  62115.072
20250927  jid80093  R062    8876    13       5297554  62115.088
20250927  jid80094  R062    9641    16       5297554  62125.072
20250927  jid80095  R062    9642    6        5297554  62125.075
20250927  jid80096  R062    10407   18       5297554  62135.059
20250927  jid80097  R062    10412   2        5297554  62135.075
20250927  jid80098  R062    11567   4        5297554  62150.075
20250927  jid80099  R062    11953   17       5297554  62155.078
20250927  jid80100  R062    13113   10       5297554  62170.094
20250927  jid80101  R062    13503   14       5297554  62175.110
20250927  jid80102  R062    15433   1        5297554  62200.126
20250927  jid80103  R062    17747   10       5297554  62230.139
20250927  jid80104  R062    17752   8        5297554  62230.155
20250927  jid80105  R062    18517   14       5297554  62240.139
20250927  jid80106  R062    18902   14       5297554  62245.139
20250927  jid80107  R062    19286   9        5297554  62250.136
20250927  jid80108  R062    19666   4        5297554  62255.120
20250927  jid80109  R062    19671   6        5297554  62255.136
20250927  jid80110  R062    20436   2        5297554  62265.120
20250927  jid80111  R062    20821   11       5297554  62270.120
20250927  jid80112  R062    20826   18       5297554  62270.136
20250927  jid80113  R062    21586   10       5297554  62280.104
20250927  jid80114  R062    22351   11       5297554  62290.088
20250927  jid80115  R062    24272   2        5297554  62315.075
20250927  jid80116  R062    24652   17       5297554  62320.059
20250927  jid80117  R062    25042   1        5297554  62325.075
20250927  jid80118  R062    26197   7        5297554  62340.075
20250927  jid80119  R062    26588   14       5297554  62345.094
20250927  jid80120  R062    28128   4        5297554  62365.094
20250927  jid80121  R062    27743   1        5297554  62360.094
20250927  jid80122  R062    28133   10       5297554  62365.110
20250927  jid80123  R062    28518   1        5297554  62370.110
20250927  jid80124  R062    28138   17       5297554  62365.126
20250927  jid80125  R062    28903   2        5297554  62375.110
20250927  jid80126  R062    28523   13       5297554  62370.126
20250927  jid80233  R062    3507    9        5297558  62045.155
20250927  jid80234  R062    3887    12       5297558  62050.139
20250927  jid80235  R062    5806    11       5297558  62075.120
20250927  jid80236  R062    5041    6        5297558  62065.136
20250927  jid80237  R062    6186    1        5297558  62080.104
20250927  jid80238  R062    6566    4        5297558  62085.088
20250927  jid80239  R062    7716    3        5297558  62100.072
20250927  jid80240  R062    7726    16       5297558  62100.104
20250927  jid80241  R062    8491    16       5297558  62110.088
20250927  jid80242  R062    9637    15       5297558  62125.059
20250927  jid80243  R062    10407   16       5297558  62135.059
20250927  jid80244  R062    9642    1        5297558  62125.075
20250927  jid80245  R062    11573   12       5297558  62150.094
20250927  jid80246  R062    11958   11       5297558  62155.094
20250927  jid80247  R062    12343   10       5297558  62160.094
20250927  jid80248  R062    13503   1        5297558  62175.110
20250927  jid80249  R062    14658   9        5297558  62190.110
20250927  jid80250  R062    14663   1        5297558  62190.126
20250927  jid80251  R062    15822   17       5297558  62205.139
20250927  jid80252  R062    17362   11       5297558  62225.139
20250927  jid80253  R062    17747   12       5297558  62230.139
20250927  jid80254  R062    19281   1        5297558  62250.120
20250927  jid80255  R062    19666   2        5297558  62255.120
20250927  jid80256  R062    20436   15       5297558  62265.120
20250927  jid80257  R062    20821   18       5297558  62270.120
20250927  jid80258  R062    21576   6        5297558  62280.072
20250927  jid80259  R062    21581   11       5297558  62280.088
20250927  jid80260  R062    21966   14       5297558  62285.088
20250927  jid80261  R062    22346   15       5297558  62290.072
20250927  jid80262  R062    22731   18       5297558  62295.072
20250927  jid80263  R062    23497   12       5297558  62305.059
20250927  jid80264  R062    23887   1        5297558  62310.075
20250927  jid80265  R062    25043   15       5297558  62325.078
20250927  jid80266  R062    26593   12       5297558  62345.110
20250927  jid80267  R062    26978   11       5297558  62350.110
20250927  jid80268  R062    27368   15       5297558  62355.126
20250927  jid80269  R062    27743   7        5297558  62360.094
20250927  jid80270  R062    27748   1        5297558  62360.110
20250927  jid80271  R062    28138   10       5297558  62365.126
20250927  jid80272  R062    28133   4        5297558  62365.110
20250927  jid80273  R062    28143   17       5297558  62365.142
20250927  jid80274  R062    28523   1        5297558  62370.126
20250927  jid80275  R062    28903   9        5297558  62375.110
20250927  jid80276  R062    28908   4        5297558  62375.126
20250927  jid80277  R062    29678   9        5297558  62385.126
20250927  jid80366  R062    3107    15       5321341  62040.107
20250927  jid80367  R062    3112    5        5321341  62040.123
20250927  jid80368  R062    3492    15       5321341  62045.107
20250927  jid80369  R062    3497    6        5321341  62045.123
20250927  jid80370  R062    7722    1        5321341  62100.091
20250927  jid80371  R062    13887   6        5321341  62180.107
20250927  jid80372  R062    14272   6        5321341  62185.107
20250927  jid80373  R062    14282   18       5321341  62185.139
20250927  jid80374  R062    14662   11       5321341  62190.123
20250927  jid80375  R062    15817   1        5321341  62205.123
20250927  jid80376  R062    16582   12       5321341  62215.107
20250927  jid80377  R062    16972   5        5321341  62220.123
20250927  jid80378  R062    17352   15       5321341  62225.107
20250927  jid80379  R062    17737   15       5321341  62230.107
20250927  jid80380  R062    17742   6        5321341  62230.123
20250927  jid80381  R062    18891   7        5321341  62245.104
20250927  jid80382  R062    21192   7        5321341  62275.075
20250927  jid80383  R062    21577   8        5321341  62280.075
20250927  jid80384  R062    21962   6        5321341  62285.075
20250927  jid80385  R062    23892   13       5321341  62310.091
20250927  jid80386  R062    21967   1        5321341  62285.091
20250927  jid80387  R062    26592   8        5321341  62345.107
20250927  jid80388  R062    28132   6        5321341  62365.107
20250927  jid80389  R062    25823   18       5321341  62335.110
20250927  jid80390  R062    28137   12       5321341  62365.123
20250927  jid80391  R062    28517   6        5321341  62370.107
20250927  jid80392  R062    28522   11       5321341  62370.123
20250927  jid80393  R062    28527   17       5321341  62370.139
20250927  jid80394  R062    28907   11       5321341  62375.123
20250927  jid80395  R062    29287   3        5321341  62380.107
20250927  jid80396  R062    29677   1        5321341  62385.123
20250927  jid80397  R062    30062   1        5321341  62390.123
20250927  jid80398  R062    30442   12       5321341  62395.107
20250927  jid80542  R062    5026    4        5325281  62065.088
20250927  jid80543  R062    5797    16       5325281  62075.091
20250927  jid80544  R062    5791    8        5325281  62075.072
20250927  jid80545  R062    6952    13       5325281  62090.091
20250927  jid80546  R062    6942    7        5325281  62090.059
20250927  jid80547  R062    7327    9        5325281  62095.059
20250927  jid80548  R062    7337    13       5325281  62095.091
20250927  jid80549  R062    7722    13       5325281  62100.091
20250927  jid80550  R062    8877    16       5325281  62115.091
20250927  jid80551  R062    8878    7        5325281  62115.094
20250927  jid80552  R062    9648    2        5325281  62125.094
20250927  jid80553  R062    10803   17       5325281  62140.094
20250927  jid80554  R062    10813   9        5325281  62140.126
20250927  jid80555  R062    11198   6        5325281  62145.126
20250927  jid80556  R062    12353   13       5325281  62160.126
20250927  jid80557  R062    12358   15       5325281  62160.142
20250927  jid80558  R062    12743   17       5325281  62165.142
20250927  jid80559  R062    13122   9        5325281  62170.123
20250927  jid80560  R062    13512   3        5325281  62175.139
20250927  jid80561  R062    13892   5        5325281  62180.123
20250927  jid80562  R062    14277   5        5325281  62185.123
20250927  jid80563  R062    14287   17       5325281  62185.155
20250927  jid80564  R062    14662   5        5325281  62190.123
20250927  jid80565  R062    15047   5        5325281  62195.123
20250927  jid80566  R062    16201   17       5325281  62210.120
20250927  jid80567  R062    15821   16       5325281  62205.136
20250927  jid80568  R062    16202   9        5325281  62210.123
20250927  jid80569  R062    16966   17       5325281  62220.104
20250927  jid80570  R062    16586   13       5325281  62215.120
20250927  jid80571  R062    17351   13       5325281  62225.104
20250927  jid80572  R062    19651   7        5325281  62255.072
20250927  jid80573  R062    20042   16       5325281  62260.091
20250927  jid80574  R062    20812   13       5325281  62270.091
20250927  jid80575  R062    21187   8        5325281  62275.059
20250927  jid80576  R062    21192   1        5325281  62275.075
20250927  jid80577  R062    21197   13       5325281  62275.091
20250927  jid80578  R062    21582   13       5325281  62280.091
20250927  jid80579  R062    21962   12       5325281  62285.075
20250927  jid80580  R062    21967   13       5325281  62285.091
20250927  jid80581  R062    23118   6        5325281  62300.078
20250927  jid80582  R062    23122   16       5325281  62300.091
20250927  jid80583  R062    23508   5        5325281  62305.094
20250927  jid80584  R062    23893   2        5325281  62310.094
20250927  jid80585  R062    24283   5        5325281  62315.110
20250927  jid80586  R062    24668   2        5325281  62320.110
20250927  jid80587  R062    25828   11       5325281  62335.126
20250927  jid80588  R062    27367   9        5325281  62355.123
20250927  jid80589  R062    28142   11       5325281  62365.139
20250927  jid80590  R062    28137   5        5325281  62365.123
20250927  jid80591  R062    28147   18       5325281  62365.155
20250927  jid80592  R062    28522   5        5325281  62370.123
20250927  jid80593  R062    28527   10       5325281  62370.139
20250927  jid80594  R062    28907   5        5325281  62375.123
20250927  jid80595  R062    30061   18       5325281  62390.120
20250927  jid80596  R062    30062   9        5325281  62390.123
20250927  jid80719  R062    3111    1        5325283  62040.120
20250927  jid80720  R062    4646    6        5325283  62060.104
20250927  jid80721  R062    5411    6        5325283  62070.088
20250927  jid80722  R062    6952    16       5325283  62090.091
20250927  jid80723  R062    7327    5        5325283  62095.059
20250927  jid80724  R062    7332    10       5325283  62095.075
20250927  jid80725  R062    7712    3        5325283  62100.059
20250927  jid80726  R062    8483    9        5325283  62110.061
20250927  jid80727  R062    8488    7        5325283  62110.078
20250927  jid80728  R062    8873    5        5325283  62115.078
20250927  jid80729  R062    9643    15       5325283  62125.078
20250927  jid80730  R062    10813   8        5325283  62140.126
20250927  jid80731  R062    10803   16       5325283  62140.094
20250927  jid80732  R062    11198   5        5325283  62145.126
20250927  jid80733  R062    11968   10       5325283  62155.126
20250927  jid80734  R062    11973   3        5325283  62155.142
20250927  jid80735  R062    12743   13       5325283  62165.142
20250927  jid80736  R062    13892   9        5325283  62180.123
20250927  jid80737  R062    14662   9        5325283  62190.123
20250927  jid80738  R062    14277   9        5325283  62185.123
20250927  jid80739  R062    15047   9        5325283  62195.123
20250927  jid80740  R062    15432   9        5325283  62200.123
20250927  jid80741  R062    16966   18       5325283  62220.104
20250927  jid80742  R062    18886   1        5325283  62245.088
20250927  jid80743  R062    17356   4        5325283  62225.120
20250927  jid80744  R062    21187   4        5325283  62275.059
20250927  jid80745  R062    19651   4        5325283  62255.072
20250927  jid80746  R062    20812   16       5325283  62270.091
20250927  jid80747  R062    21192   10       5325283  62275.075
20250927  jid80748  R062    21197   16       5325283  62275.091
20250927  jid80749  R062    24283   4        5325283  62315.110
20250927  jid80750  R062    23503   12       5325283  62305.078
20250927  jid80751  R062    24668   1        5325283  62320.110
20250927  jid80752  R062    25053   10       5325283  62325.110
20250927  jid80753  R062    26993   18       5325283  62350.158
20250927  jid80754  R062    28137   9        5325283  62365.123
20250927  jid80755  R062    28142   2        5325283  62365.139
20250927  jid80756  R062    28147   14       5325283  62365.155
20250927  jid80757  R062    28522   9        5325283  62370.123
20250927  jid80758  R062    28527   1        5325283  62370.139
20250927  jid80759  R062    28907   9        5325283  62375.123
20250927  jid80760  R062    29292   9        5325283  62380.123
20250927  jid80761  R062    29682   7        5325283  62385.139
20250927  jid80762  R062    30066   13       5325283  62390.136
20250927  jid80763  R062    30446   14       5325283  62395.120
20250927  jid80888  R062    3493    3        5333116  62045.110
20250927  jid80889  R062    3878    12       5333116  62050.110
20250927  jid80890  R062    4648    17       5333116  62060.110
20250927  jid80891  R062    5417    7        5333116  62070.107
20250927  jid80892  R062    5422    9        5333116  62070.123
20250927  jid80893  R062    6192    6        5333116  62080.123
20250927  jid80894  R062    5423    17       5333116  62070.126
20250927  jid80895  R062    6572    8        5333116  62085.107
20250927  jid80896  R062    5802    7        5333116  62075.107
20250927  jid80897  R062    6957    9        5333116  62090.107
20250927  jid80898  R062    6962    2        5333116  62090.123
20250927  jid80899  R062    7342    9        5333116  62095.107
20250927  jid80900  R062    7347    2        5333116  62095.123
20250927  jid80901  R062    9271    16       5333116  62120.120
20250927  jid80902  R062    12342   16       5333116  62160.091
20250927  jid80903  R062    12347   18       5333116  62160.107
20250927  jid80904  R062    10036   16       5333116  62130.104
20250927  jid80905  R062    12726   9        5333116  62165.088
20250927  jid80906  R062    12732   18       5333116  62165.107
20250927  jid80907  R062    13117   17       5333116  62170.107
20250927  jid80908  R062    13502   17       5333116  62175.107
20250927  jid80909  R062    14267   10       5333116  62185.091
20250927  jid80910  R062    14272   16       5333116  62185.107
20250927  jid80911  R062    14652   10       5333116  62190.091
20250927  jid80912  R062    14657   16       5333116  62190.107
20250927  jid80913  R062    15032   3        5333116  62195.075
20250927  jid80914  R062    16577   16       5333116  62215.091
20250927  jid80915  R062    16578   6        5333116  62215.094
20250927  jid80916  R062    17738   3        5333116  62230.110
20250927  jid80917  R062    18898   15       5333116  62245.126
20250927  jid80918  R062    16968   9        5333116  62220.110
20250927  jid80919  R062    17353   6        5333116  62225.110
20250927  jid80920  R062    19662   7        5333116  62255.107
20250927  jid80921  R062    19668   16       5333116  62255.126
20250927  jid80922  R062    20437   6        5333116  62265.123
20250927  jid80923  R062    21202   9        5333116  62275.107
20250927  jid80924  R062    21207   2        5333116  62275.123
20250927  jid80925  R062    21212   14       5333116  62275.139
20250927  jid80926  R062    21587   9        5333116  62280.107
20250927  jid80927  R062    23902   9        5333116  62310.123
20250927  jid80928  R062    25821   8        5333116  62335.104
20250927  jid80929  R062    26201   7        5333116  62340.088
20250927  jid80930  R062    26202   16       5333116  62340.091
20250927  jid80931  R062    26592   18       5333116  62345.107
20250927  jid80932  R062    27362   17       5333116  62355.107
20250927  jid80933  R062    28122   4        5333116  62365.075
20250927  jid80934  R062    28512   10       5333116  62370.091
20250927  jid80935  R062    28132   16       5333116  62365.107
20250927  jid80936  R062    28507   5        5333116  62370.075
20250927  jid80937  R062    28517   16       5333116  62370.107
20250927  jid80938  R062    28892   3        5333116  62375.075
20250927  jid80939  R062    29667   14       5333116  62385.091
20250927  jid80940  R062    30438   9        5333116  62395.094
20250927  jid81064  R062    3867    15       5352605  62050.075
20250927  jid81065  R062    5792    5        5352605  62075.075
20250927  jid81066  R062    4252    14       5352605  62055.075
20250927  jid81067  R062    6183    16       5352605  62080.094
20250927  jid81068  R062    7718    9        5352605  62100.078
20250927  jid81069  R062    8498    1        5352605  62110.110
20250927  jid81070  R062    8883    2        5352605  62115.110
20250927  jid81071  R062    9268    12       5352605  62120.110
20250927  jid81072  R062    9658    2        5352605  62125.126
20250927  jid81073  R062    9663    7        5352605  62125.142
20250927  jid81074  R062    10048   8        5352605  62130.142
20250927  jid81075  R062    10433   6        5352605  62135.142
20250927  jid81076  R062    12357   10       5352605  62160.139
20250927  jid81077  R062    12742   13       5352605  62165.139
20250927  jid81078  R062    15426   11       5352605  62200.104
20250927  jid81079  R062    15811   10       5352605  62205.104
20250927  jid81080  R062    16956   17       5352605  62220.072
20250927  jid81081  R062    18882   10       5352605  62245.075
20250927  jid81082  R062    19267   1        5352605  62250.075
20250927  jid81083  R062    19652   5        5352605  62255.075
20250927  jid81084  R062    21578   8        5352605  62280.078
20250927  jid81085  R062    23903   2        5352605  62310.126
20250927  jid81086  R062    24288   12       5352605  62315.126
20250927  jid81087  R062    25832   1        5352605  62335.139
20250927  jid81088  R062    26217   10       5352605  62340.139
20250927  jid81089  R062    26992   18       5352605  62350.155
20250927  jid81090  R062    27751   6        5352605  62360.120
20250927  jid81091  R062    28136   3        5352605  62365.120
20250927  jid81092  R062    28141   15       5352605  62365.136
20250927  jid81093  R062    28516   6        5352605  62370.104
20250927  jid81094  R062    28521   11       5352605  62370.120
20250927  jid81095  R062    28526   17       5352605  62370.136
20250927  jid81096  R062    28901   3        5352605  62375.104
20250927  jid81097  R062    29671   10       5352605  62385.104
20250927  jid81607  R062    3102    8        5356473  62040.091
20250927  jid81608  R062    3867    10       5356473  62050.075
20250927  jid81609  R062    5027    9        5356473  62065.091
20250927  jid81610  R062    5413    17       5356473  62070.094
20250927  jid81611  R062    5798    13       5356473  62075.094
20250927  jid81612  R062    6573    13       5356473  62085.110
20250927  jid81613  R062    7723    9        5356473  62100.094
20250927  jid81614  R062    8113    5        5356473  62105.110
20250927  jid81615  R062    8498    6        5356473  62110.110
20250927  jid81616  R062    8888    5        5356473  62115.126
20250927  jid81617  R062    9273    6        5356473  62120.126
20250927  jid81618  R062    9663    9        5356473  62125.142
20250927  jid81619  R062    11197   16       5356473  62145.123
20250927  jid81620  R062    10817   1        5356473  62140.139
20250927  jid81621  R062    11587   11       5356473  62150.139
20250927  jid81622  R062    11582   16       5356473  62150.123
20250927  jid81623  R062    11967   16       5356473  62155.123
20250927  jid81624  R062    16186   18       5356473  62210.072
20250927  jid81625  R062    16577   8        5356473  62215.091
20250927  jid81626  R062    16962   8        5356473  62220.091
20250927  jid81627  R062    17342   11       5356473  62225.075
20250927  jid81628  R062    18887   9        5356473  62245.091
20250927  jid81629  R062    19267   7        5356473  62250.075
20250927  jid81630  R062    21198   4        5356473  62275.094
20250927  jid81631  R062    21583   8        5356473  62280.094
20250927  jid81632  R062    21588   1        5356473  62280.110
20250927  jid81633  R062    22748   4        5356473  62295.126
20250927  jid81634  R062    23133   5        5356473  62300.126
20250927  jid81635  R062    23523   8        5356473  62305.142
20250927  jid81636  R062    24677   1        5356473  62320.139
20250927  jid81637  R062    25057   16       5356473  62325.123
20250927  jid81638  R062    25067   9        5356473  62325.155
20250927  jid81639  R062    25442   16       5356473  62330.123
20250927  jid81640  R062    25447   11       5356473  62330.139
20250927  jid81641  R062    25827   16       5356473  62335.123
20250927  jid81642  R062    26976   7        5356473  62350.104
20250927  jid81643  R062    26981   5        5356473  62350.120
20250927  jid81644  R062    27746   5        5356473  62360.104
20250927  jid81645  R062    27751   12       5356473  62360.120
20250927  jid81646  R062    28126   9        5356473  62365.088
20250927  jid81647  R062    28131   2        5356473  62365.104
20250927  jid81648  R062    28511   6        5356473  62370.088
20250927  jid81649  R062    28516   11       5356473  62370.104
20250927  jid81650  R062    28896   3        5356473  62375.088
20250927  jid81651  R062    28906   16       5356473  62375.120
20250927  jid81652  R062    29286   13       5356473  62380.104
20250927  jid81653  R062    29666   14       5356473  62385.088
20250927  jid81654  R062    30051   13       5356473  62390.088
20250927  jid81946  R062    5787    4        5356479  62075.059
20250927  jid81947  R062    6568    16       5356479  62085.094
20250927  jid81948  R062    6172    9        5356479  62080.059
20250927  jid81949  R062    6943    7        5356479  62090.062
20250927  jid81950  R062    7343    16       5356479  62095.110
20250927  jid81951  R062    9658    10       5356479  62125.126
20250927  jid81952  R062    10048   4        5356479  62130.142
20250927  jid81953  R062    13511   6        5356479  62175.136
20250927  jid81954  R062    11592   8        5356479  62150.155
20250927  jid81955  R062    13132   16       5356479  62170.155
20250927  jid81956  R062    15806   3        5356479  62205.088
20250927  jid81957  R062    16961   1        5356479  62220.088
20250927  jid81958  R062    17341   13       5356479  62225.072
20250927  jid81959  R062    17731   7        5356479  62230.088
20250927  jid81960  R062    18492   17       5356479  62240.059
20250927  jid81961  R062    20032   8        5356479  62260.059
20250927  jid81962  R062    18497   12       5356479  62240.075
20250927  jid81963  R062    21583   10       5356479  62280.094
20250927  jid81964  R062    21578   5        5356479  62280.078
20250927  jid81965  R062    21588   16       5356479  62280.110
20250927  jid81966  R062    21968   11       5356479  62285.094
20250927  jid81967  R062    22353   12       5356479  62290.094
20250927  jid81968  R062    23518   10       5356479  62305.126
20250927  jid81969  R062    24288   14       5356479  62315.126
20250927  jid81970  R062    25448   18       5356479  62330.142
20250927  jid81971  R062    24678   2        5356479  62320.142
20250927  jid81972  R062    26222   2        5356479  62340.155
20250927  jid81973  R062    26607   11       5356479  62345.155
20250927  jid81974  R062    27751   9        5356479  62360.120
20250927  jid81975  R062    27756   3        5356479  62360.136
20250927  jid81976  R062    28141   11       5356479  62365.136
20250927  jid81977  R062    28516   9        5356479  62370.104
20250927  jid81978  R062    28146   18       5356479  62365.152
20250927  jid81979  R062    28521   2        5356479  62370.120
20250927  jid81980  R062    28901   6        5356479  62375.104
20250927  jid81981  R062    28906   1        5356479  62375.120
20250927  jid81982  R062    30051   3        5356479  62390.088
20250927  jid82263  R062    3478    15       5364186  62045.062
20250927  jid82264  R062    3863    17       5364186  62050.062
20250927  jid82265  R062    4253    10       5364186  62055.077
20250927  jid82266  R062    5418    6        5364186  62070.110
20250927  jid82267  R062    6188    5        5364186  62080.110
20250927  jid82268  R062    6963    2        5364186  62090.126
20250927  jid82269  R062    7348    5        5364186  62095.126
20250927  jid82270  R062    6968    14       5364186  62090.142
20250927  jid82271  R062    7353    10       5364186  62095.142
20250927  jid82272  R062    7358    16       5364186  62095.158
20250927  jid82273  R062    7738    1        5364186  62100.142
20250927  jid82274  R062    8118    9        5364186  62105.126
20250927  jid82275  R062    8123    4        5364186  62105.142
20250927  jid82276  R062    8508    8        5364186  62110.142
20250927  jid82277  R062    8512    17       5364186  62110.155
20250927  jid82278  R062    8897    13       5364186  62115.155
20250927  jid82279  R062    9277    15       5364186  62120.139
20250927  jid82280  R062    10821   7        5364186  62140.152
20250927  jid82281  R062    11201   1        5364186  62145.136
20250927  jid82282  R062    11206   9        5364186  62145.152
20250927  jid82283  R062    11586   2        5364186  62150.136
20250927  jid82284  R062    11966   10       5364186  62155.120
20250927  jid82285  R062    12736   14       5364186  62165.120
20250927  jid82286  R062    13121   18       5364186  62170.120
20250927  jid82287  R062    13501   13       5364186  62175.104
20250927  jid82288  R062    15036   16       5364186  62195.088
20250927  jid82289  R062    14641   6        5364186  62190.056
20250927  jid82290  R062    15031   14       5364186  62195.072
20250927  jid82291  R062    15416   17       5364186  62200.072
20250927  jid82292  R062    15797   5        5364186  62205.059
20250927  jid82293  R062    17723   18       5364186  62230.061
20250927  jid82294  R062    17343   6        5364186  62225.078
20250927  jid82295  R062    16182   2        5364186  62210.059
20250927  jid82296  R062    19278   6        5364186  62250.110
20250927  jid82297  R062    20043   7        5364186  62260.094
20250927  jid82298  R062    20818   8        5364186  62270.110
20250927  jid82299  R062    20048   5        5364186  62260.110
20250927  jid82300  R062    20823   2        5364186  62270.126
20250927  jid82301  R062    20828   15       5364186  62270.142
20250927  jid82302  R062    21593   5        5364186  62280.126
20250927  jid82303  R062    21978   9        5364186  62285.126
20250927  jid82304  R062    23527   1        5364186  62305.155
20250927  jid82305  R062    23137   15       5364186  62300.139
20250927  jid82306  R062    23522   15       5364186  62305.139
20250927  jid82307  R062    24297   6        5364186  62315.155
20250927  jid82308  R062    25066   8        5364186  62325.152
20250927  jid82309  R062    26596   14       5364186  62345.120
20250927  jid82310  R062    27361   13       5364186  62355.104
20250927  jid82311  R062    28121   4        5364186  62365.072
20250927  jid82312  R062    28126   10       5364186  62365.088
20250927  jid82313  R062    28501   9        5364186  62370.056
20250927  jid82314  R062    28506   2        5364186  62370.072
20250927  jid82315  R062    28511   13       5364186  62370.088
20250927  jid82316  R062    28891   11       5364186  62375.072
20250927  jid82317  R062    29657   8        5364186  62385.059
20250927  jid82318  R062    30042   2        5364186  62390.059
20250927  jid82319  R062    30427   11       5364186  62395.059
20250927  jid85568  R062    31618   13       5261331  62410.174
20250927  jid85572  R062    32003   18       5261333  62415.174
20250927  jid85582  R062    30838   5        5297552  62400.142
20250927  jid85586  R062    31612   7        5297554  62410.155
20250927  jid85588  R062    31222   11       5297558  62405.139
20250927  jid85592  R062    31212   15       5321341  62405.107
20250927  jid85596  R062    33131   4        5325281  62430.088
20250927  jid85599  R062    30831   10       5325283  62400.120
20250927  jid85602  R062    30822   16       5333116  62400.091
20250927  jid85606  R062    31201   16       5352605  62405.072
20250927  jid85619  R062    30817   3        5356473  62400.075
20250927  jid85624  R062    30821   1        5356479  62400.088
20250927  jid85631  R062    31583   15       5364186  62410.062
20250927  jid85786  R062    32003   17       5261331  62415.174
20250927  jid85787  R062    33931   14       5261331  62440.185
20250927  jid85788  R062    35830   8        5261331  62465.102
20250927  jid85789  R062    32777   10       5261331  62425.187
20250927  jid85790  R062    36210   9        5261331  62470.086
20250927  jid85791  R062    36595   4        5261331  62475.086
20250927  jid85792  R062    36975   2        5261331  62480.070
20250927  jid85793  R062    37735   18       5261331  62490.037
20250927  jid85794  R062    39272   15       5261331  62510.027
20250927  jid85795  R062    40042   4        5261331  62520.027
20250927  jid85796  R062    40428   13       5261331  62525.029
20250927  jid85797  R062    40433   15       5261331  62525.045
20250927  jid85798  R062    41203   6        5261331  62535.045
20250927  jid85799  R062    41974   7        5261331  62545.048
20250927  jid85800  R062    41979   1        5261331  62545.064
20250927  jid85801  R062    42764   17       5261331  62555.112
20250927  jid85802  R062    43924   15       5261331  62570.128
20250927  jid85803  R062    48176   17       5261331  62625.185
20250927  jid85804  R062    49315   1        5261331  62640.134
20250927  jid85805  R062    49320   13       5261331  62640.150
20250927  jid85806  R062    50835   6        5261331  62660.070
20250927  jid85807  R062    52366   3        5261331  62680.040
20250927  jid85808  R062    53902   1        5261331  62700.027
20250927  jid85809  R062    55454   16       5261331  62720.064
20250927  jid85810  R062    55844   17       5261331  62725.080
20250927  jid85890  R062    32777   11       5261333  62425.187
20250927  jid85891  R062    33162   18       5261333  62430.187
20250927  jid85892  R062    33546   3        5261333  62435.185
20250927  jid85893  R062    35830   4        5261333  62465.102
20250927  jid85894  R062    36210   5        5261333  62470.086
20250927  jid85895  R062    37355   14       5261333  62485.053
20250927  jid85896  R062    37735   17       5261333  62490.037
20250927  jid85897  R062    40042   7        5261333  62520.027
20250927  jid85898  R062    39272   14       5261333  62510.027
20250927  jid85899  R062    40433   11       5261333  62525.045
20250927  jid85900  R062    41203   9        5261333  62535.045
20250927  jid85901  R062    41209   16       5261333  62535.064
20250927  jid85902  R062    41979   4        5261333  62545.064
20250927  jid85903  R062    41984   10       5261333  62545.080
20250927  jid85904  R062    41989   17       5261333  62545.096
20250927  jid85905  R062    43929   10       5261333  62570.144
20250927  jid85906  R062    49310   4        5261333  62640.118
20250927  jid85907  R062    48550   6        5261333  62630.150
20250927  jid85908  R062    49320   16       5261333  62640.150
20250927  jid85909  R062    49315   10       5261333  62640.134
20250927  jid85910  R062    50835   2        5261333  62660.070
20250927  jid85911  R062    51600   13       5261333  62670.053
20250927  jid85912  R062    53517   10       5261333  62695.027
20250927  jid85913  R062    53132   15       5261333  62690.027
20250927  jid85914  R062    53522   6        5261333  62695.043
20250927  jid85915  R062    53907   9        5261333  62700.043
20250927  jid85917  R062    54678   2        5261333  62710.045
20250927  jid86199  R062    32377   10       5297552  62420.139
20250927  jid86200  R062    32767   3        5297552  62425.155
20250927  jid86201  R062    33532   16       5297552  62435.139
20250927  jid86202  R062    33916   6        5297552  62440.136
20250927  jid86203  R062    36216   10       5297552  62470.104
20250927  jid86204  R062    36981   10       5297552  62480.088
20250927  jid86205  R062    38517   3        5297552  62500.075
20250927  jid86206  R062    40442   8        5297552  62525.075
20250927  jid86207  R062    41603   10       5297552  62540.094
20250927  jid86208  R062    41608   18       5297552  62540.110
20250927  jid86209  R062    42763   10       5297552  62555.110
20250927  jid86210  R062    44308   2        5297552  62575.126
20250927  jid86211  R062    43923   1        5297552  62570.126
20250927  jid86212  R062    45857   7        5297552  62595.155
20250927  jid86213  R062    46622   10       5297552  62605.139
20250927  jid86214  R062    46627   6        5297552  62605.155
20250927  jid86215  R062    47007   13       5297552  62610.139
20250927  jid86216  R062    47771   7        5297552  62620.120
20250927  jid86217  R062    47777   16       5297552  62620.139
20250927  jid86218  R062    48926   2        5297552  62635.120
20250927  jid86219  R062    48546   12       5297552  62630.136
20250927  jid86220  R062    49306   5        5297552  62640.104
20250927  jid86221  R062    49316   17       5297552  62640.136
20250927  jid86222  R062    49686   9        5297552  62645.088
20250927  jid86223  R062    49696   13       5297552  62645.120
20250927  jid86224  R062    50071   6        5297552  62650.088
20250927  jid86225  R062    50841   11       5297552  62660.088
20250927  jid86226  R062    51221   15       5297552  62665.072
20250927  jid86227  R062    51226   10       5297552  62665.088
20250927  jid86228  R062    52377   3        5297552  62680.075
20250927  jid86229  R062    52757   18       5297552  62685.059
20250927  jid86230  R062    53147   2        5297552  62690.075
20250927  jid86231  R062    54688   16       5297552  62710.078
20250927  jid86232  R062    54693   18       5297552  62710.094
20250927  jid86233  R062    55463   13       5297552  62720.094
20250927  jid86234  R062    55468   18       5297552  62720.110
20250927  jid86339  R062    31992   10       5297554  62415.139
20250927  jid86340  R062    32762   14       5297554  62425.139
20250927  jid86341  R062    33146   8        5297554  62430.136
20250927  jid86342  R062    34676   4        5297554  62450.104
20250927  jid86343  R062    35831   10       5297554  62465.104
20250927  jid86344  R062    36976   15       5297554  62480.072
20250927  jid86345  R062    36981   13       5297554  62480.088
20250927  jid86346  R062    37747   6        5297554  62490.075
20250927  jid86347  R062    37746   16       5297554  62490.072
20250927  jid86348  R062    38512   18       5297554  62500.059
20250927  jid86349  R062    38517   2        5297554  62500.075
20250927  jid86350  R062    39672   4        5297554  62515.075
20250927  jid86351  R062    40058   17       5297554  62520.078
20250927  jid86352  R062    41218   10       5297554  62535.094
20250927  jid86353  R062    41608   14       5297554  62540.110
20250927  jid86354  R062    43538   1        5297554  62565.126
20250927  jid86355  R062    45852   10       5297554  62595.139
20250927  jid86356  R062    45857   8        5297554  62595.155
20250927  jid86357  R062    46622   14       5297554  62605.139
20250927  jid86358  R062    47007   14       5297554  62610.139
20250927  jid86359  R062    47391   9        5297554  62615.136
20250927  jid86360  R062    47771   4        5297554  62620.120
20250927  jid86361  R062    47776   6        5297554  62620.136
20250927  jid86362  R062    48541   2        5297554  62630.120
20250927  jid86363  R062    48926   11       5297554  62635.120
20250927  jid86364  R062    48931   18       5297554  62635.136
20250927  jid86365  R062    49691   10       5297554  62645.104
20250927  jid86366  R062    50456   11       5297554  62655.088
20250927  jid86367  R062    52377   2        5297554  62680.075
20250927  jid86368  R062    52757   17       5297554  62685.059
20250927  jid86369  R062    53147   1        5297554  62690.075
20250927  jid86370  R062    54302   7        5297554  62705.075
20250927  jid86371  R062    54693   14       5297554  62710.094
20250927  jid86372  R062    55848   1        5297554  62725.094
20250927  jid86464  R062    31612   9        5297558  62410.155
20250927  jid86465  R062    31992   12       5297558  62415.139
20250927  jid86466  R062    33146   6        5297558  62430.136
20250927  jid86467  R062    33911   11       5297558  62440.120
20250927  jid86468  R062    34291   1        5297558  62445.104
20250927  jid86469  R062    34671   4        5297558  62450.088
20250927  jid86470  R062    35821   3        5297558  62465.072
20250927  jid86471  R062    35831   16       5297558  62465.104
20250927  jid86472  R062    36596   16       5297558  62475.088
20250927  jid86473  R062    37742   15       5297558  62490.059
20250927  jid86474  R062    37747   1        5297558  62490.075
20250927  jid86475  R062    38512   16       5297558  62500.059
20250927  jid86476  R062    39678   12       5297558  62515.094
20250927  jid86477  R062    40448   10       5297558  62525.094
20250927  jid86478  R062    40063   11       5297558  62520.094
20250927  jid86479  R062    41608   1        5297558  62540.110
20250927  jid86480  R062    42763   9        5297558  62555.110
20250927  jid86481  R062    42768   1        5297558  62555.126
20250927  jid86482  R062    43927   17       5297558  62570.139
20250927  jid86483  R062    45467   11       5297558  62590.139
20250927  jid86484  R062    45852   12       5297558  62595.139
20250927  jid86485  R062    47386   1        5297558  62615.120
20250927  jid86486  R062    48541   15       5297558  62630.120
20250927  jid86487  R062    47771   2        5297558  62620.120
20250927  jid86488  R062    48926   18       5297558  62635.120
20250927  jid86489  R062    49686   11       5297558  62645.088
20250927  jid86490  R062    49681   6        5297558  62645.072
20250927  jid86491  R062    50071   14       5297558  62650.088
20250927  jid86492  R062    50451   15       5297558  62655.072
20250927  jid86493  R062    51602   12       5297558  62670.059
20250927  jid86494  R062    51992   1        5297558  62675.075
20250927  jid86495  R062    50836   18       5297558  62660.072
20250927  jid86496  R062    53148   15       5297558  62690.078
20250927  jid86497  R062    54698   12       5297558  62710.110
20250927  jid86498  R062    55083   11       5297558  62715.110
20250927  jid86499  R062    55473   15       5297558  62720.126
20250927  jid86500  R062    55848   7        5297558  62725.094
20250927  jid86501  R062    55853   1        5297558  62725.110
20250927  jid86575  R062    31597   15       5321341  62410.107
20250927  jid86576  R062    31217   5        5321341  62405.123
20250927  jid86577  R062    31602   6        5321341  62410.123
20250927  jid86578  R062    35827   1        5321341  62465.091
20250927  jid86579  R062    41992   6        5321341  62545.107
20250927  jid86580  R062    42377   6        5321341  62550.107
20250927  jid86581  R062    42387   18       5321341  62550.139
20250927  jid86582  R062    42767   11       5321341  62555.123
20250927  jid86583  R062    43922   1        5321341  62570.123
20250927  jid86584  R062    44687   12       5321341  62580.107
20250927  jid86585  R062    45077   5        5321341  62585.123
20250927  jid86586  R062    45457   15       5321341  62590.107
20250927  jid86587  R062    45842   15       5321341  62595.107
20250927  jid86588  R062    45847   6        5321341  62595.123
20250927  jid86589  R062    46996   7        5321341  62610.104
20250927  jid86590  R062    49297   7        5321341  62640.075
20250927  jid86591  R062    49682   8        5321341  62645.075
20250927  jid86592  R062    50067   6        5321341  62650.075
20250927  jid86593  R062    50072   1        5321341  62650.091
20250927  jid86594  R062    51997   13       5321341  62675.091
20250927  jid86595  R062    53928   18       5321341  62700.110
20250927  jid86596  R062    54697   8        5321341  62710.107
20250927  jid86711  R062    33896   8        5325281  62440.072
20250927  jid86712  R062    33902   16       5325281  62440.091
20250927  jid86713  R062    35047   7        5325281  62455.059
20250927  jid86714  R062    35432   9        5325281  62460.059
20250927  jid86715  R062    35057   13       5325281  62455.091
20250927  jid86716  R062    35442   13       5325281  62460.091
20250927  jid86717  R062    35827   13       5325281  62465.091
20250927  jid86718  R062    36983   7        5325281  62480.094
20250927  jid86719  R062    36982   16       5325281  62480.091
20250927  jid86720  R062    37753   2        5325281  62490.094
20250927  jid86721  R062    38908   17       5325281  62505.094
20250927  jid86722  R062    39303   6        5325281  62510.126
20250927  jid86723  R062    38918   9        5325281  62505.126
20250927  jid86724  R062    40458   13       5325281  62525.126
20250927  jid86725  R062    40463   15       5325281  62525.142
20250927  jid86726  R062    40848   17       5325281  62530.142
20250927  jid86727  R062    41227   9        5325281  62535.123
20250927  jid86728  R062    41617   3        5325281  62540.139
20250927  jid86729  R062    41997   5        5325281  62545.123
20250927  jid86730  R062    42382   5        5325281  62550.123
20250927  jid86731  R062    42392   17       5325281  62550.155
20250927  jid86732  R062    42767   5        5325281  62555.123
20250927  jid86733  R062    43152   5        5325281  62560.123
20250927  jid86734  R062    43926   16       5325281  62570.136
20250927  jid86735  R062    44306   17       5325281  62575.120
20250927  jid86736  R062    44307   9        5325281  62575.123
20250927  jid86737  R062    44691   13       5325281  62580.120
20250927  jid86738  R062    45071   17       5325281  62585.104
20250927  jid86739  R062    45456   13       5325281  62590.104
20250927  jid86740  R062    47756   7        5325281  62620.072
20250927  jid86741  R062    48147   16       5325281  62625.091
20250927  jid86742  R062    48917   13       5325281  62635.091
20250927  jid86743  R062    49292   8        5325281  62640.059
20250927  jid86744  R062    49297   1        5325281  62640.075
20250927  jid86745  R062    49302   13       5325281  62640.091
20250927  jid86746  R062    49687   13       5325281  62645.091
20250927  jid86747  R062    50067   12       5325281  62650.075
20250927  jid86748  R062    50072   13       5325281  62650.091
20250927  jid86749  R062    51223   6        5325281  62665.078
20250927  jid86750  R062    51227   16       5325281  62665.091
20250927  jid86751  R062    51613   5        5325281  62670.094
20250927  jid86752  R062    51998   2        5325281  62675.094
20250927  jid86753  R062    52388   5        5325281  62680.110
20250927  jid86754  R062    52773   2        5325281  62685.110
20250927  jid86755  R062    53933   11       5325281  62700.126
20250927  jid86757  R062    55472   9        5325281  62720.123
20250927  jid86848  R062    31216   1        5325283  62405.120
20250927  jid86851  R062    32751   6        5325283  62425.104
20250927  jid86852  R062    33516   6        5325283  62435.088
20250927  jid86853  R062    35057   16       5325283  62455.091
20250927  jid86854  R062    35432   5        5325283  62460.059
20250927  jid86855  R062    35437   10       5325283  62460.075
20250927  jid86856  R062    35817   3        5325283  62465.059
20250927  jid86857  R062    36593   7        5325283  62475.078
20250927  jid86858  R062    36588   9        5325283  62475.062
20250927  jid86859  R062    36978   5        5325283  62480.078
20250927  jid86860  R062    37748   15       5325283  62490.078
20250927  jid86861  R062    38908   16       5325283  62505.094
20250927  jid86862  R062    38918   8        5325283  62505.126
20250927  jid86863  R062    39303   5        5325283  62510.126
20250927  jid86864  R062    40073   10       5325283  62520.126
20250927  jid86865  R062    40078   3        5325283  62520.142
20250927  jid86866  R062    40848   13       5325283  62530.142
20250927  jid86867  R062    41997   9        5325283  62545.123
20250927  jid86868  R062    42382   9        5325283  62550.123
20250927  jid86869  R062    43152   9        5325283  62560.123
20250927  jid86870  R062    42767   9        5325283  62555.123
20250927  jid86871  R062    45461   4        5325283  62590.120
20250927  jid86872  R062    43537   9        5325283  62565.123
20250927  jid86873  R062    45071   18       5325283  62585.104
20250927  jid86874  R062    46991   1        5325283  62610.088
20250927  jid86875  R062    47756   4        5325283  62620.072
20250927  jid86876  R062    48917   16       5325283  62635.091
20250927  jid86877  R062    49292   4        5325283  62640.059
20250927  jid86878  R062    49297   10       5325283  62640.075
20250927  jid86879  R062    52388   4        5325283  62680.110
20250927  jid86880  R062    49302   16       5325283  62640.091
20250927  jid86881  R062    51608   12       5325283  62670.078
20250927  jid86882  R062    52773   1        5325283  62685.110
20250927  jid86883  R062    53158   10       5325283  62690.110
20250927  jid86884  R062    55098   18       5325283  62715.158
20250927  jid86984  R062    31598   3        5333116  62410.110
20250927  jid86985  R062    31983   12       5333116  62415.110
20250927  jid86986  R062    32753   17       5333116  62425.110
20250927  jid86987  R062    33522   7        5333116  62435.107
20250927  jid86988  R062    33527   9        5333116  62435.123
20250927  jid86989  R062    33528   17       5333116  62435.126
20250927  jid86990  R062    34297   6        5333116  62445.123
20250927  jid86991  R062    33907   7        5333116  62440.107
20250927  jid86992  R062    34677   8        5333116  62450.107
20250927  jid86993  R062    35062   9        5333116  62455.107
20250927  jid86994  R062    35067   2        5333116  62455.123
20250927  jid86995  R062    35447   9        5333116  62460.107
20250927  jid86996  R062    35452   2        5333116  62460.123
20250927  jid86997  R062    37376   16       5333116  62485.120
20250927  jid86998  R062    38141   16       5333116  62495.104
20250927  jid86999  R062    40447   16       5333116  62525.091
20250927  jid87000  R062    40452   18       5333116  62525.107
20250927  jid87001  R062    40837   18       5333116  62530.107
20250927  jid87002  R062    41222   17       5333116  62535.107
20250927  jid87003  R062    40831   9        5333116  62530.088
20250927  jid87004  R062    41607   17       5333116  62540.107
20250927  jid87005  R062    42372   10       5333116  62550.091
20250927  jid87006  R062    42377   16       5333116  62550.107
20250927  jid87007  R062    42757   10       5333116  62555.091
20250927  jid87008  R062    42762   16       5333116  62555.107
20250927  jid87009  R062    43137   3        5333116  62560.075
20250927  jid87010  R062    44682   16       5333116  62580.091
20250927  jid87011  R062    44683   6        5333116  62580.094
20250927  jid87012  R062    45073   9        5333116  62585.110
20250927  jid87013  R062    45458   6        5333116  62590.110
20250927  jid87014  R062    45843   3        5333116  62595.110
20250927  jid87015  R062    47003   15       5333116  62610.126
20250927  jid87016  R062    47767   7        5333116  62620.107
20250927  jid87017  R062    47773   16       5333116  62620.126
20250927  jid87018  R062    48542   6        5333116  62630.123
20250927  jid87019  R062    49307   9        5333116  62640.107
20250927  jid87020  R062    49312   2        5333116  62640.123
20250927  jid87021  R062    49317   14       5333116  62640.139
20250927  jid87022  R062    49692   9        5333116  62645.107
20250927  jid87023  R062    52007   9        5333116  62675.123
20250927  jid87024  R062    53926   8        5333116  62700.104
20250927  jid87025  R062    54306   7        5333116  62705.088
20250927  jid87026  R062    54697   18       5333116  62710.107
20250927  jid87027  R062    54307   16       5333116  62705.091
20250927  jid87028  R062    55467   17       5333116  62720.107
20250927  jid87128  R062    31972   15       5352605  62415.075
20250927  jid87129  R062    32357   14       5352605  62420.075
20250927  jid87130  R062    34288   16       5352605  62445.094
20250927  jid87131  R062    33897   5        5352605  62440.075
20250927  jid87132  R062    35823   9        5352605  62465.078
20250927  jid87133  R062    36603   1        5352605  62475.110
20250927  jid87134  R062    36988   2        5352605  62480.110
20250927  jid87135  R062    37373   12       5352605  62485.110
20250927  jid87136  R062    37763   2        5352605  62490.126
20250927  jid87137  R062    37768   7        5352605  62490.142
20250927  jid87138  R062    38153   8        5352605  62495.142
20250927  jid87139  R062    38538   6        5352605  62500.142
20250927  jid87140  R062    40847   13       5352605  62530.139
20250927  jid87141  R062    40462   10       5352605  62525.139
20250927  jid87142  R062    43916   10       5352605  62570.104
20250927  jid87143  R062    43531   11       5352605  62565.104
20250927  jid87144  R062    45061   17       5352605  62585.072
20250927  jid87145  R062    46987   10       5352605  62610.075
20250927  jid87146  R062    47372   1        5352605  62615.075
20250927  jid87147  R062    47757   5        5352605  62620.075
20250927  jid87148  R062    49683   8        5352605  62645.078
20250927  jid87149  R062    52008   2        5352605  62675.126
20250927  jid87150  R062    52393   12       5352605  62680.126
20250927  jid87151  R062    53937   1        5352605  62700.139
20250927  jid87152  R062    54322   10       5352605  62705.139
20250927  jid87153  R062    55097   18       5352605  62715.155
20250927  jid87154  R062    55856   6        5352605  62725.120
20250927  jid87563  R062    30822   8        5356473  62400.091
20250927  jid87564  R062    31207   8        5356473  62405.091
20250927  jid87565  R062    31972   10       5356473  62415.075
20250927  jid87566  R062    33132   9        5356473  62430.091
20250927  jid87567  R062    33518   17       5356473  62435.094
20250927  jid87568  R062    33903   13       5356473  62440.094
20250927  jid87569  R062    34678   13       5356473  62450.110
20250927  jid87570  R062    35828   9        5356473  62465.094
20250927  jid87571  R062    36603   6        5356473  62475.110
20250927  jid87572  R062    36218   5        5356473  62470.110
20250927  jid87573  R062    36993   5        5356473  62480.126
20250927  jid87574  R062    37378   6        5356473  62485.126
20250927  jid87575  R062    37768   9        5356473  62490.142
20250927  jid87576  R062    38922   1        5356473  62505.139
20250927  jid87577  R062    39302   16       5356473  62510.123
20250927  jid87578  R062    39687   16       5356473  62515.123
20250927  jid87579  R062    39692   11       5356473  62515.139
20250927  jid87580  R062    40072   16       5356473  62520.123
20250927  jid87581  R062    44682   8        5356473  62580.091
20250927  jid87582  R062    44291   18       5356473  62575.072
20250927  jid87583  R062    45067   8        5356473  62585.091
20250927  jid87584  R062    45447   11       5356473  62590.075
20250927  jid87585  R062    46992   9        5356473  62610.091
20250927  jid87586  R062    47372   7        5356473  62615.075
20250927  jid87587  R062    49303   4        5356473  62640.094
20250927  jid87588  R062    49688   8        5356473  62645.094
20250927  jid87589  R062    49693   1        5356473  62645.110
20250927  jid87590  R062    50853   4        5356473  62660.126
20250927  jid87591  R062    51238   5        5356473  62665.126
20250927  jid87592  R062    51628   8        5356473  62670.142
20250927  jid87593  R062    52782   1        5356473  62685.139
20250927  jid87594  R062    53162   16       5356473  62690.123
20250927  jid87595  R062    53172   9        5356473  62690.155
20250927  jid87596  R062    53547   16       5356473  62695.123
20250927  jid87597  R062    53552   11       5356473  62695.139
20250927  jid87598  R062    53932   16       5356473  62700.123
20250927  jid87599  R062    55081   7        5356473  62715.104
20250927  jid87600  R062    55086   5        5356473  62715.120
20250927  jid87601  R062    55856   12       5356473  62725.120
20250927  jid87602  R062    55851   5        5356473  62725.104
20250927  jid87838  R062    33892   4        5356479  62440.059
20250927  jid87839  R062    34277   9        5356479  62445.059
20250927  jid87840  R062    34673   16       5356479  62450.094
20250927  jid87841  R062    35048   7        5356479  62455.062
20250927  jid87842  R062    35448   16       5356479  62460.110
20250927  jid87843  R062    37763   10       5356479  62490.126
20250927  jid87844  R062    38153   4        5356479  62495.142
20250927  jid87845  R062    39697   8        5356479  62515.155
20250927  jid87846  R062    41237   16       5356479  62535.155
20250927  jid87847  R062    41616   6        5356479  62540.136
20250927  jid87848  R062    43911   3        5356479  62570.088
20250927  jid87849  R062    45066   1        5356479  62585.088
20250927  jid87850  R062    45446   13       5356479  62590.072
20250927  jid87851  R062    45836   7        5356479  62595.088
20250927  jid87852  R062    46597   17       5356479  62605.059
20250927  jid87853  R062    46602   12       5356479  62605.075
20250927  jid87854  R062    48137   8        5356479  62625.059
20250927  jid87855  R062    49683   5        5356479  62645.078
20250927  jid87856  R062    49688   10       5356479  62645.094
20250927  jid87857  R062    49693   16       5356479  62645.110
20250927  jid87858  R062    50073   11       5356479  62650.094
20250927  jid87859  R062    51623   10       5356479  62670.126
20250927  jid87860  R062    50458   12       5356479  62655.094
20250927  jid87861  R062    52393   14       5356479  62680.126
20250927  jid87862  R062    52783   2        5356479  62685.142
20250927  jid87863  R062    53553   18       5356479  62695.142
20250927  jid87864  R062    54327   2        5356479  62705.155
20250927  jid87865  R062    54712   11       5356479  62710.155
20250927  jid87866  R062    55856   9        5356479  62725.120
20250927  jid87868  R062    55861   3        5356479  62725.136
20250927  jid88098  R062    31968   17       5364186  62415.062
20250927  jid88099  R062    33523   6        5364186  62435.110
20250927  jid88100  R062    32358   10       5364186  62420.078
20250927  jid88101  R062    34293   5        5364186  62445.110
20250927  jid88102  R062    35068   2        5364186  62455.126
20250927  jid88103  R062    35073   14       5364186  62455.142
20250927  jid88104  R062    35453   5        5364186  62460.126
20250927  jid88105  R062    35458   10       5364186  62460.142
20250927  jid88106  R062    35463   16       5364186  62460.158
20250927  jid88107  R062    36223   9        5364186  62470.126
20250927  jid88108  R062    35843   1        5364186  62465.142
20250927  jid88109  R062    36228   4        5364186  62470.142
20250927  jid88110  R062    36613   8        5364186  62475.142
20250927  jid88111  R062    37002   13       5364186  62480.155
20250927  jid88112  R062    36617   17       5364186  62475.155
20250927  jid88113  R062    38926   7        5364186  62505.152
20250927  jid88114  R062    37382   15       5364186  62485.139
20250927  jid88115  R062    39306   1        5364186  62510.136
20250927  jid88116  R062    39311   9        5364186  62510.152
20250927  jid88117  R062    39691   2        5364186  62515.136
20250927  jid88118  R062    40071   10       5364186  62520.120
20250927  jid88119  R062    41226   18       5364186  62535.120
20250927  jid88120  R062    40841   14       5364186  62530.120
20250927  jid88121  R062    42746   6        5364186  62555.056
20250927  jid88122  R062    41606   13       5364186  62540.104
20250927  jid88123  R062    43136   14       5364186  62560.072
20250927  jid88124  R062    43521   17       5364186  62565.072
20250927  jid88125  R062    43141   16       5364186  62560.088
20250927  jid88126  R062    43902   5        5364186  62570.059
20250927  jid88127  R062    44287   2        5364186  62575.059
20250927  jid88128  R062    45448   6        5364186  62590.078
20250927  jid88129  R062    45828   18       5364186  62595.062
20250927  jid88130  R062    47383   6        5364186  62615.110
20250927  jid88131  R062    48148   7        5364186  62625.094
20250927  jid88132  R062    48153   5        5364186  62625.110
20250927  jid88133  R062    48923   8        5364186  62635.110
20250927  jid88134  R062    48928   2        5364186  62635.126
20250927  jid88135  R062    49698   5        5364186  62645.126
20250927  jid88136  R062    48933   15       5364186  62635.142
20250927  jid88137  R062    50083   9        5364186  62650.126
20250927  jid88138  R062    51242   15       5364186  62665.139
20250927  jid88139  R062    51632   1        5364186  62670.155
20250927  jid88140  R062    51627   15       5364186  62670.139
20250927  jid88141  R062    52402   6        5364186  62680.155
20250927  jid88142  R062    53171   8        5364186  62690.152
20250927  jid88143  R062    54701   14       5364186  62710.120
20250927  jid88144  R062    55466   13       5364186  62720.104
20250927  jid90821  R062    14      5        5261331  62000.064
20250927  jid90831  R062    14      8        5261333  62000.064
20250927  jid90840  R062    18      8        5297552  62000.078
20250927  jid90844  R062    23      4        5297554  62000.094
20250927  jid90849  R062    28      4        5297558  62000.110
20250927  jid90852  R062    27      6        5321341  62000.107
20250927  jid90857  R062    32      5        5325281  62000.123
20250927  jid90860  R062    32      9        5325283  62000.123
20250927  jid90865  R062    17      4        5333116  62000.075
20250927  jid90868  R062    31      3        5352605  62000.120
20250927  jid90883  R062    21      9        5356473  62000.088
20250927  jid90891  R062    36      11       5356479  62000.136
20250927  jid90898  R062    16      4        5364186  62000.072
20250927  jid90931  R062    19      11       5261331  62000.080
20250927  jid90932  R062    24      17       5261331  62000.096
20250927  jid90933  R062    409     14       5261331  62005.096
20250927  jid90934  R062    404     3        5261331  62005.080
20250927  jid90935  R062    794     12       5261331  62010.096
20250927  jid90936  R062    1184    15       5261331  62015.112
20250927  jid90937  R062    1574    14       5261331  62020.128
20250927  jid90956  R062    19      2        5261333  62000.080
20250927  jid90957  R062    409     11       5261333  62005.096
20250927  jid90958  R062    404     6        5261333  62005.080
20250927  jid90959  R062    804     16       5261333  62010.128
20250927  jid90960  R062    414     17       5261333  62005.112
20250927  jid90961  R062    1184    12       5261333  62015.112
20250927  jid91015  R062    23      1        5297552  62000.094
20250927  jid91016  R062    28      13       5297552  62000.110
20250927  jid91017  R062    418     16       5297552  62005.126
20250927  jid91018  R062    413     10       5297552  62005.110
20250927  jid91019  R062    793     6        5297552  62010.094
20250927  jid91020  R062    1568    3        5297552  62020.110
20250927  jid91021  R062    1183    2        5297552  62015.110
20250927  jid91039  R062    28      10       5297554  62000.110
20250927  jid91040  R062    33      17       5297554  62000.126
20250927  jid91041  R062    413     1        5297554  62005.110
20250927  jid91042  R062    418     13       5297554  62005.126
20250927  jid91043  R062    798     2        5297554  62010.110
20250927  jid91059  R062    33      10       5297558  62000.126
20250927  jid91060  R062    38      17       5297558  62000.142
20250927  jid91061  R062    418     1        5297558  62005.126
20250927  jid91062  R062    798     9        5297558  62010.110
20250927  jid91063  R062    803     4        5297558  62010.126
20250927  jid91064  R062    1573    9        5297558  62020.126
20250927  jid91083  R062    32      12       5321341  62000.123
20250927  jid91084  R062    417     11       5321341  62005.123
20250927  jid91085  R062    412     6        5321341  62005.107
20250927  jid91086  R062    422     17       5321341  62005.139
20250927  jid91087  R062    802     11       5321341  62010.123
20250927  jid91088  R062    1182    3        5321341  62015.107
20250927  jid91089  R062    1572    1        5321341  62020.123
20250927  jid91107  R062    37      11       5325281  62000.139
20250927  jid91108  R062    42      18       5325281  62000.155
20250927  jid91109  R062    417     5        5325281  62005.123
20250927  jid91110  R062    422     10       5325281  62005.139
20250927  jid91111  R062    802     5        5325281  62010.123
20250927  jid91129  R062    37      2        5325283  62000.139
20250927  jid91130  R062    42      14       5325283  62000.155
20250927  jid91131  R062    417     9        5325283  62005.123
20250927  jid91132  R062    422     1        5325283  62005.139
20250927  jid91133  R062    1187    9        5325283  62015.123
20250927  jid91134  R062    802     9        5325283  62010.123
20250927  jid91135  R062    1577    7        5325283  62020.139
20250927  jid91153  R062    402     5        5333116  62005.075
20250927  jid91154  R062    27      16       5333116  62000.107
20250927  jid91155  R062    407     10       5333116  62005.091
20250927  jid91156  R062    787     3        5333116  62010.075
20250927  jid91157  R062    412     16       5333116  62005.107
20250927  jid91159  R062    1562    14       5333116  62020.091
20250927  jid91175  R062    36      15       5352605  62000.136
20250927  jid91176  R062    411     6        5352605  62005.104
20250927  jid91177  R062    416     11       5352605  62005.120
20250927  jid91178  R062    421     17       5352605  62005.136
20250927  jid91179  R062    796     3        5352605  62010.104
20250927  jid91180  R062    1566    10       5352605  62020.104
20250927  jid91272  R062    26      2        5356473  62000.104
20250927  jid91273  R062    406     6        5356473  62005.088
20250927  jid91274  R062    411     11       5356473  62005.104
20250927  jid91275  R062    791     3        5356473  62010.088
20250927  jid91276  R062    801     16       5356473  62010.120
20250927  jid91277  R062    1181    13       5356473  62015.104
20250927  jid91278  R062    1561    14       5356473  62020.088
20250927  jid91318  R062    41      18       5356479  62000.152
20250927  jid91319  R062    411     9        5356479  62005.104
20250927  jid91320  R062    796     6        5356479  62010.104
20250927  jid91321  R062    416     2        5356479  62005.120
20250927  jid91322  R062    801     1        5356479  62010.120
20250927  jid91356  R062    21      10       5364186  62000.088
20250927  jid91357  R062    396     9        5364186  62005.056
20250927  jid91358  R062    401     2        5364186  62005.072
20250927  jid91359  R062    406     13       5364186  62005.088
20250927  jid91360  R062    1552    8        5364186  62020.059
20250927  jid91361  R062    786     11       5364186  62010.072
